120.0	0.0	151.3048095703125	-76.37501525878906
144.0	0.0	151.3048095703125	-76.37501525878906
168.0	0.0	151.0130157470703	-76.3819580078125
168.0	266.0	153.8936767578125	-81.786865234375
168.0	273.0	147.53611755371094	-80.0101089477539
168.0	274.0	153.9764404296875	-80.2124252319336
168.0	275.0	147.17628479003906	-78.48577117919922
168.0	277.0	146.97463989257812	-79.27285766601562
192.0	0.0	150.61119079589844	-76.41481018066406
192.0	266.0	154.12680053710938	-80.85205078125
192.0	273.0	147.89610290527344	-80.11302185058594
192.0	275.0	147.60260009765625	-78.5201416015625
192.0	277.0	147.40040588378906	-79.29645538330078
216.0	0.0	150.21075439453125	-76.45923614501953
216.0	273.0	148.16122436523438	-79.83528137207031
216.0	275.0	147.97509765625	-78.3138427734375
216.0	277.0	148.20289611816406	-78.58123779296875
216.0	281.0	154.6268768310547	-80.85816955566406
240.0	0.0	149.81773376464844	-76.5116195678711
240.0	273.0	148.55995178222656	-79.73091888427734
240.0	275.0	148.3754119873047	-78.20654296875
240.0	277.0	148.55833435058594	-78.38540649414062
264.0	0.0	149.42567443847656	-76.57351684570312
264.0	273.0	149.19395446777344	-78.49580383300781
264.0	275.0	143.91513061523438	-89.07786560058594
264.0	277.0	148.9080047607422	-78.2703857421875
288.0	0.0	149.0300750732422	-76.63758087158203
288.0	273.0	149.21929931640625	-78.96807098388672
288.0	275.0	148.429443359375	-85.22764587402344
312.0	0.0	148.63827514648438	-76.70117950439453
312.0	275.0	159.71237182617188	-107.45046997070312
312.0	289.0	154.00413513183594	-106.01551055908203
336.0	0.0	148.2376251220703	-76.76316833496094
336.0	275.0	150.31063842773438	-79.12075805664062
336.0	289.0	158.1957550048828	-94.92145538330078
336.0	290.0	145.5926971435547	-90.62742614746094
336.0	291.0	142.75694274902344	-69.75526428222656
360.0	0.0	147.8453369140625	-76.82111358642578
360.0	289.0	151.10008239746094	-80.03077697753906
384.0	0.0	147.46231079101562	-76.87686920166016
384.0	293.0	157.27304077148438	-85.037353515625
408.0	0.0	147.06919860839844	-76.93134307861328
408.0	294.0	150.39080810546875	-80.9860610961914
432.0	0.0	146.67481994628906	-76.98102569580078
432.0	294.0	149.6496124267578	-81.25626373291016
456.0	0.0	146.2864227294922	-77.0284423828125
456.0	294.0	149.0375213623047	-81.39020538330078
480.0	0.0	145.88973999023438	-77.07608795166016
480.0	294.0	148.34066772460938	-81.56033325195312
504.0	0.0	145.50039672851562	-77.11661529541016
504.0	297.0	145.4392852783203	-53.99672317504883
504.0	294.0	147.63722229003906	-81.71907806396484
528.0	0.0	145.10487365722656	-77.15275573730469
552.0	0.0	144.7091827392578	-77.18617248535156
552.0	299.0	146.27781677246094	-81.9128646850586
576.0	0.0	144.3065185546875	-77.21819305419922
576.0	299.0	145.5115203857422	-82.03702545166016
600.0	0.0	143.91221618652344	-77.26580047607422
624.0	0.0	143.5450439453125	-77.33792114257812
648.0	0.0	143.205078125	-77.45227813720703
648.0	303.0	inf	inf
672.0	0.0	142.84088134765625	-77.59334564208984
672.0	303.0	143.61538696289062	-93.43260192871094
696.0	0.0	142.4650115966797	-77.703125
696.0	303.0	141.943603515625	-82.8788833618164
720.0	0.0	142.0727996826172	-77.79620361328125
720.0	303.0	141.1302947998047	-88.54676818847656
744.0	0.0	141.69345092773438	-77.88240814208984
744.0	303.0	140.5634307861328	-87.95771789550781
768.0	0.0	141.30593872070312	-77.96764373779297
792.0	0.0	140.9195556640625	-78.04727935791016
816.0	0.0	140.533447265625	-78.12164306640625
840.0	0.0	140.14309692382812	-78.19666290283203
864.0	0.0	139.74655151367188	-78.268310546875
888.0	0.0	139.3533477783203	-78.33519744873047
912.0	0.0	138.96096801757812	-78.40150451660156
936.0	0.0	138.5597381591797	-78.46835327148438
936.0	312.0	130.26504516601562	-81.44464111328125
960.0	0.0	138.16156005859375	-78.52931213378906
960.0	312.0	130.59197998046875	-81.43921661376953
960.0	314.0	131.82650756835938	-87.5540542602539
984.0	0.0	137.746826171875	-78.589111328125
984.0	314.0	130.9969940185547	-87.33071899414062
1008.0	0.0	137.34576416015625	-78.64533996582031
1008.0	314.0	130.3737335205078	-86.99956512451172
1008.0	318.0	131.2796630859375	-81.51966094970703
1032.0	0.0	136.95640563964844	-78.69959259033203
1032.0	314.0	129.705078125	-86.86312103271484
1032.0	318.0	131.65086364746094	-81.56806945800781
1032.0	319.0	131.4755401611328	-80.76929473876953
1056.0	0.0	136.5583038330078	-78.75769805908203
1056.0	314.0	128.9534454345703	-86.73111724853516
1056.0	318.0	131.96450805664062	-81.59693145751953
1056.0	319.0	131.76748657226562	-80.8408432006836
1080.0	0.0	136.1611785888672	-78.81835174560547
1080.0	314.0	128.09690856933594	-86.38117980957031
1080.0	318.0	132.3006591796875	-81.55026245117188
1080.0	319.0	132.08938598632812	-80.8297348022461
1104.0	0.0	135.78135681152344	-78.87779235839844
1104.0	287.0	138.10462951660156	-80.81493377685547
1104.0	318.0	132.52125549316406	-81.49185180664062
1104.0	319.0	132.3241729736328	-80.73302459716797
1128.0	0.0	135.5437774658203	-78.91313934326172
1128.0	287.0	137.65713500976562	-80.79335021972656
1128.0	318.0	132.8444061279297	-81.61270141601562
1128.0	319.0	132.58985900878906	-80.7114028930664
1152.0	0.0	135.5013885498047	-78.91931915283203
1152.0	287.0	136.96165466308594	-80.35617065429688
1152.0	318.0	133.21023559570312	-81.73529052734375
1152.0	319.0	132.86007690429688	-80.826904296875
1176.0	0.0	135.4991455078125	-78.91964721679688
1176.0	287.0	136.5457763671875	-80.20265197753906
1176.0	317.0	136.75384521484375	-80.02439880371094
1176.0	318.0	133.49403381347656	-81.78002166748047
1176.0	319.0	133.10513305664062	-80.8270492553711
1176.0	321.0	125.43478393554688	-82.98140716552734
1200.0	0.0	135.4817352294922	-78.92218017578125
1200.0	287.0	136.10174560546875	-80.05713653564453
1200.0	317.0	158.384033203125	-106.34857940673828
1200.0	318.0	133.7187042236328	-81.86365509033203
1200.0	319.0	133.33441162109375	-80.76570129394531
1224.0	0.0	135.46043395996094	-78.9252700805664
1224.0	287.0	135.74432373046875	-80.0128173828125
1224.0	317.0	139.6614990234375	-87.0801773071289
1224.0	318.0	133.94338989257812	-81.98516845703125
1224.0	319.0	133.4772186279297	-80.79203033447266
1248.0	0.0	135.46017456054688	-78.92530822753906
1248.0	317.0	136.78929138183594	-87.60609436035156
1248.0	318.0	134.2302703857422	-82.03866577148438
1248.0	319.0	133.691162109375	-80.9671630859375
1272.0	0.0	135.4588165283203	-78.92550659179688
1272.0	317.0	135.06121826171875	-80.65373992919922
1272.0	319.0	134.71441650390625	-79.88151550292969
1272.0	329.0	127.47896575927734	-81.19267272949219
1272.0	330.0	135.40945434570312	-87.8658676147461
1296.0	0.0	135.4144744873047	-78.93201446533203
1296.0	317.0	134.35194396972656	-80.51377868652344
1296.0	329.0	127.91200256347656	-81.17244720458984
1296.0	330.0	134.72242736816406	-81.89863586425781
1320.0	0.0	135.40716552734375	-78.9330825805664
1320.0	317.0	133.8784637451172	-80.47998046875
1320.0	330.0	134.3809051513672	-81.00835418701172
1320.0	331.0	134.9846649169922	-81.91282653808594
1344.0	0.0	135.38450622558594	-78.93644714355469
1344.0	317.0	126.42515563964844	-85.02632904052734
1344.0	330.0	128.95021057128906	-87.72492980957031
1344.0	331.0	135.33607482910156	-81.82476806640625
1344.0	334.0	134.7545928955078	-81.11473846435547
1344.0	336.0	133.22434997558594	-79.70378875732422
1368.0	0.0	135.318359375	-78.94625854492188
1368.0	317.0	127.74335479736328	-82.84629821777344
1368.0	330.0	127.89179992675781	-86.84060668945312
1368.0	331.0	135.5189971923828	-81.84818267822266
1368.0	334.0	134.84725952148438	-81.05889129638672
1368.0	338.0	132.6625518798828	-79.67101287841797
1392.0	0.0	135.1808624267578	-78.96704864501953
1392.0	317.0	128.98072814941406	-81.60807800292969
1392.0	330.0	127.18704986572266	-86.14693450927734
1392.0	331.0	135.74005126953125	-81.97544860839844
1392.0	334.0	135.11395263671875	-81.03302764892578
1416.0	0.0	134.8663330078125	-79.02002716064453
1416.0	317.0	131.67991638183594	-80.20919036865234
1416.0	330.0	126.17308807373047	-85.4654312133789
1416.0	331.0	135.54627990722656	-81.03742980957031
1416.0	334.0	135.14651489257812	-81.25765991210938
1440.0	0.0	134.465087890625	-79.1064224243164
1440.0	317.0	131.36380004882812	-80.29242706298828
1440.0	330.0	128.6807098388672	-83.21392822265625
1440.0	331.0	135.74179077148438	-81.23927307128906
1440.0	334.0	135.53964233398438	-81.65309143066406
1464.0	0.0	134.0640106201172	-79.20958709716797
1464.0	317.0	130.58387756347656	-80.14529418945312
1464.0	330.0	129.70614624023438	-81.9347152709961
1464.0	334.0	139.5213623046875	-87.1817855834961
1488.0	0.0	133.66937255859375	-79.3127212524414
1488.0	317.0	130.13992309570312	-80.02333068847656
1488.0	330.0	130.4554901123047	-80.92738342285156
1488.0	334.0	136.25901794433594	-81.79747009277344
1488.0	345.0	129.81036376953125	-81.95419311523438
1488.0	344.0	129.4447021484375	-82.86540222167969
1512.0	0.0	133.2782440185547	-79.41302490234375
1512.0	317.0	129.5791778564453	-80.08512115478516
1512.0	330.0	129.88787841796875	-80.992431640625
1512.0	334.0	135.69325256347656	-81.0583267211914
1512.0	345.0	130.01937866210938	-81.93162536621094
1512.0	344.0	129.80166625976562	-82.88420104980469
1512.0	348.0	137.07325744628906	-82.6286849975586
1536.0	0.0	132.89907836914062	-79.51004028320312
1536.0	317.0	129.09640502929688	-79.94499206542969
1536.0	330.0	129.38294982910156	-80.90519714355469
1536.0	345.0	130.170654296875	-82.01334381103516
1536.0	348.0	135.29254150390625	-81.17219543457031
1536.0	349.0	129.90350341796875	-81.30506134033203
1560.0	0.0	132.506591796875	-79.60488891601562
1560.0	317.0	128.5564422607422	-79.87863159179688
1560.0	330.0	128.8409423828125	-80.75106811523438
1560.0	345.0	130.47337341308594	-81.97315216064453
1560.0	349.0	130.2334747314453	-81.15290832519531
1560.0	344.0	130.6649932861328	-82.30380249023438
1584.0	0.0	132.1142578125	-79.68426513671875
1584.0	317.0	128.0122833251953	-79.7300796508789
1584.0	330.0	128.30752563476562	-80.70358276367188
1584.0	345.0	130.74880981445312	-81.70269775390625
1584.0	349.0	130.4484100341797	-81.2563705444336
1584.0	344.0	130.95440673828125	-82.16194915771484
1608.0	0.0	131.71914672851562	-79.74989318847656
1608.0	317.0	127.5378646850586	-79.63587951660156
1608.0	330.0	127.73242950439453	-80.58048248291016
1608.0	349.0	125.09423828125	-88.72318267822266
1608.0	355.0	123.05671691894531	-85.11344909667969
1608.0	344.0	130.91102600097656	-82.27662658691406
1608.0	345.0	130.93809509277344	-81.53050994873047
1632.0	0.0	131.3357696533203	-79.78841400146484
1632.0	317.0	127.09953308105469	-79.28491973876953
1632.0	330.0	127.2032699584961	-80.24430084228516
1632.0	349.0	127.17219543457031	-90.15690612792969
1632.0	355.0	123.22064971923828	-84.65690612792969
1632.0	356.0	127.73530578613281	-76.23637390136719
1656.0	0.0	130.9563446044922	-79.78546142578125
1656.0	317.0	126.6246566772461	-78.91824340820312
1656.0	330.0	126.67522430419922	-80.13874053955078
1656.0	349.0	129.61537170410156	-90.68919372558594
1656.0	355.0	123.50176239013672	-84.43851470947266
1656.0	344.0	131.0173797607422	-81.729248046875
1656.0	359.0	119.9068374633789	-63.971893310546875
1656.0	356.0	127.19281005859375	-76.20864868164062
1680.0	0.0	130.56588745117188	-79.74623107910156
1680.0	317.0	126.10237884521484	-78.9513168334961
1680.0	330.0	126.1313247680664	-80.16800689697266
1680.0	349.0	132.02389526367188	-91.0368423461914
1680.0	344.0	131.1978759765625	-81.8879165649414
1680.0	356.0	128.3770751953125	-77.95926666259766
1704.0	0.0	130.16946411132812	-79.6978759765625
1704.0	317.0	125.48269653320312	-79.0947265625
1704.0	330.0	125.48844909667969	-80.36844635009766
1704.0	349.0	131.79576110839844	-83.08162689208984
1704.0	355.0	124.81446075439453	-85.08854675292969
1704.0	366.0	131.50457763671875	-84.04702758789062
1728.0	0.0	129.77142333984375	-79.6482925415039
1728.0	317.0	125.06326293945312	-78.89379119873047
1728.0	330.0	113.0154800415039	-81.78318786621094
1728.0	355.0	125.2161636352539	-85.01142883300781
1728.0	366.0	131.83717346191406	-83.45674133300781
1728.0	368.0	133.47396850585938	-88.87205505371094
1752.0	0.0	129.38905334472656	-79.61869812011719
1752.0	330.0	116.36907196044922	-81.94840240478516
1752.0	355.0	123.5814208984375	-89.05200958251953
1752.0	366.0	130.83871459960938	-81.41007232666016
1752.0	317.0	116.69818878173828	-78.3915023803711
1776.0	0.0	128.9989013671875	-79.62191009521484
1776.0	330.0	113.043212890625	-81.64656829833984
1776.0	355.0	124.07624053955078	-89.62763214111328
1800.0	0.0	128.60052490234375	-79.63504028320312
1800.0	323.0	130.11407470703125	-81.34210205078125
1800.0	330.0	123.42050170898438	-79.73429107666016
1800.0	355.0	126.1961898803711	-84.88524627685547
1800.0	376.0	118.1989517211914	-82.50977325439453
1800.0	374.0	123.62010955810547	-78.44581604003906
1824.0	0.0	128.19813537597656	-79.65428161621094
1824.0	323.0	129.6513671875	-81.39935302734375
1824.0	330.0	122.84112548828125	-79.71295928955078
1824.0	355.0	126.64086151123047	-84.91593933105469
1824.0	376.0	118.57500457763672	-82.31954956054688
1848.0	0.0	127.7974853515625	-79.68806457519531
1848.0	323.0	129.21652221679688	-81.42361450195312
1848.0	330.0	108.49504852294922	-79.7962875366211
1848.0	355.0	127.05352783203125	-85.01185607910156
1848.0	377.0	119.49034881591797	-82.43383026123047
1848.0	380.0	117.70555114746094	-77.10867309570312
1848.0	376.0	117.74293518066406	-82.07633209228516
1872.0	0.0	127.40087127685547	-79.72932434082031
1872.0	323.0	128.7930145263672	-81.49639892578125
1872.0	330.0	121.74181365966797	-79.34016418457031
1872.0	355.0	127.1817855834961	-85.0425033569336
1872.0	380.0	118.3685531616211	-76.4415512084961
1896.0	0.0	126.99999237060547	-79.76946258544922
1896.0	323.0	128.3009796142578	-81.51678466796875
1896.0	330.0	121.27012634277344	-79.07801818847656
1896.0	355.0	127.26980590820312	-85.18795776367188
1896.0	380.0	118.54867553710938	-75.87983703613281
1896.0	382.0	93.61680603027344	-92.12598419189453
1896.0	384.0	118.04141235351562	-80.8031997680664
1920.0	0.0	126.59876251220703	-79.80499267578125
1920.0	323.0	127.86470031738281	-81.38623046875
1920.0	330.0	120.78047180175781	-78.98080444335938
1920.0	380.0	117.26585388183594	-74.48416900634766
1920.0	382.0	113.97380828857422	-83.39338684082031
1920.0	355.0	127.5648422241211	-85.50401306152344
1920.0	384.0	118.18479919433594	-80.23650360107422
1944.0	0.0	126.20086669921875	-79.8375015258789
1944.0	323.0	127.54014587402344	-81.24578857421875
1944.0	330.0	120.33788299560547	-78.8332290649414
1944.0	380.0	117.31312561035156	-73.75889587402344
1944.0	382.0	113.83906555175781	-82.67092895507812
1944.0	355.0	127.9142074584961	-85.76795959472656
1944.0	384.0	118.27836608886719	-79.77713012695312
1968.0	0.0	125.81456756591797	-79.86737823486328
1968.0	330.0	119.90440368652344	-78.68766784667969
1968.0	380.0	119.4559326171875	-74.57499694824219
1968.0	382.0	93.54452514648438	-84.83980560302734
1968.0	355.0	128.26112365722656	-85.96380615234375
1992.0	0.0	125.41517639160156	-79.89685821533203
1992.0	330.0	119.2972183227539	-78.64715576171875
1992.0	380.0	119.8603515625	-74.50215911865234
1992.0	382.0	95.10000610351562	-82.93021392822266
1992.0	355.0	128.81668090820312	-85.91825103759766
2016.0	0.0	125.01771545410156	-79.94488525390625
2016.0	330.0	118.23477935791016	-78.63695526123047
2016.0	382.0	95.73257446289062	-82.03935241699219
2016.0	355.0	129.5507049560547	-85.79615020751953
2040.0	0.0	124.64260864257812	-80.02903747558594
2040.0	330.0	118.96401977539062	-78.88501739501953
2040.0	355.0	130.13058471679688	-85.76566314697266
2040.0	380.0	118.99874877929688	-74.268310546875
2040.0	382.0	105.4861068725586	-80.24990844726562
2064.0	0.0	124.28144836425781	-80.15303802490234
2064.0	330.0	118.6792221069336	-78.56604766845703
2064.0	380.0	119.53939056396484	-74.58331298828125
2064.0	382.0	114.07452392578125	-79.12602996826172
2088.0	0.0	123.9142074584961	-80.30714416503906
2088.0	330.0	118.8939208984375	-78.12649536132812
2088.0	394.0	130.5432891845703	-86.3665771484375
2088.0	382.0	118.15008544921875	-78.73194122314453
2112.0	0.0	123.54300689697266	-80.46710968017578
2112.0	330.0	119.14218139648438	-78.11024475097656
2112.0	394.0	130.80758666992188	-86.66928100585938
2112.0	382.0	117.9323959350586	-78.30018615722656
2136.0	0.0	123.17682647705078	-80.62757110595703
2136.0	330.0	119.10418701171875	-78.20992279052734
2136.0	394.0	131.35284423828125	-86.54095458984375
2160.0	0.0	122.81192779541016	-80.79047393798828
2160.0	330.0	118.88623046875	-78.3416519165039
2160.0	394.0	131.69522094726562	-86.77623748779297
2184.0	0.0	122.4413070678711	-80.9476089477539
2184.0	330.0	118.64340209960938	-78.34644317626953
2208.0	0.0	122.06861114501953	-81.09902954101562
2208.0	403.0	131.33860778808594	-86.25569915771484
2208.0	330.0	118.45890045166016	-78.37691497802734
2232.0	0.0	121.6955337524414	-81.2477798461914
2232.0	330.0	118.22593688964844	-78.34770965576172
2232.0	404.0	114.00120544433594	-79.50350952148438
2256.0	0.0	121.3226089477539	-81.39277648925781
2256.0	393.0	122.66612243652344	-77.8509292602539
2256.0	330.0	117.95948791503906	-78.33242797851562
2256.0	406.0	114.04180145263672	-83.92076110839844
2280.0	0.0	120.95175170898438	-81.53308868408203
2280.0	393.0	122.11920928955078	-77.56690979003906
2280.0	330.0	117.7071533203125	-78.16600799560547
2280.0	406.0	114.01950073242188	-84.03653717041016
2304.0	0.0	120.5965805053711	-81.65254211425781
2304.0	393.0	122.00045013427734	-77.27820587158203
2304.0	407.0	114.17027282714844	-79.07107543945312
2304.0	330.0	117.75782012939453	-77.78412628173828
2328.0	0.0	120.22521209716797	-81.7344970703125
2328.0	330.0	117.56632995605469	-77.6210708618164
2328.0	409.0	114.10531616210938	-83.57767486572266
2328.0	407.0	114.23247528076172	-78.92306518554688
2352.0	0.0	119.83094024658203	-81.7890396118164
2352.0	330.0	117.44908142089844	-77.502197265625
2352.0	409.0	114.41860961914062	-84.04769897460938
2352.0	407.0	114.0326919555664	-79.35565185546875
2376.0	0.0	119.43485260009766	-81.8374252319336
2376.0	405.0	121.84691619873047	-78.31686401367188
2376.0	409.0	114.46013641357422	-84.31765747070312
2376.0	407.0	113.91008758544922	-79.57984161376953
2400.0	0.0	119.03486633300781	-81.88449096679688
2400.0	405.0	121.4223861694336	-77.85270690917969
2400.0	409.0	114.56422424316406	-84.28838348388672
2400.0	407.0	113.92243957519531	-79.57867431640625
2424.0	0.0	118.63553619384766	-81.92857360839844
2424.0	405.0	121.0109634399414	-77.72938537597656
2424.0	409.0	114.57366180419922	-84.31626892089844
2424.0	407.0	113.97347259521484	-79.56514739990234
2424.0	415.0	117.33407592773438	-77.0985107421875
2448.0	0.0	118.23650360107422	-81.96839141845703
2448.0	409.0	114.55044555664062	-84.34788513183594
2448.0	407.0	113.92961883544922	-79.58515930175781
2448.0	415.0	117.7518081665039	-77.48188018798828
2472.0	0.0	117.8364028930664	-81.99763488769531
2472.0	409.0	114.38153839111328	-84.21698760986328
2472.0	407.0	114.0477294921875	-79.52284240722656
2472.0	415.0	118.55125427246094	-77.40345764160156
2496.0	0.0	117.437255859375	-82.00003051757812
2496.0	409.0	114.27887725830078	-84.20026397705078
2496.0	407.0	114.12062072753906	-79.44917297363281
2496.0	415.0	120.60174560546875	-75.05249786376953
2520.0	0.0	117.04376220703125	-81.96680450439453
2520.0	409.0	114.2516098022461	-84.20460510253906
2520.0	407.0	114.08274841308594	-79.46089935302734
2520.0	415.0	119.77180480957031	-77.77428436279297
2544.0	0.0	116.67123413085938	-81.91371154785156
2544.0	409.0	114.22510528564453	-84.38175201416016
2544.0	407.0	113.9308090209961	-79.5828628540039
2568.0	0.0	116.51225280761719	-81.88774871826172
2568.0	409.0	114.2236557006836	-84.595458984375
2568.0	407.0	113.95964050292969	-79.62456512451172
2592.0	0.0	116.51822662353516	-81.88878631591797
2592.0	409.0	114.27783966064453	-84.77362060546875
2592.0	407.0	113.96624755859375	-79.614501953125
2616.0	0.0	116.52166748046875	-81.88938903808594
2616.0	409.0	114.28074645996094	-84.81336975097656
2616.0	407.0	113.962890625	-79.6092300415039
2640.0	0.0	116.52163696289062	-81.8893814086914
2640.0	409.0	114.2566909790039	-84.87020874023438
2640.0	407.0	113.9612808227539	-79.61703491210938
2664.0	0.0	116.52168273925781	-81.88938903808594
2664.0	409.0	114.27283477783203	-84.83489227294922
2664.0	407.0	113.95977783203125	-79.6127700805664
2664.0	410.0	122.88496398925781	-92.48101043701172
2688.0	0.0	116.5217056274414	-81.88939666748047
2688.0	409.0	114.26001739501953	-84.85016632080078
2688.0	407.0	113.9637222290039	-79.61737060546875
2688.0	410.0	122.23831939697266	-94.81383514404297
2712.0	0.0	116.52169799804688	-81.88939666748047
2712.0	409.0	114.26688385009766	-84.83284759521484
2712.0	407.0	113.96542358398438	-79.61543273925781
2712.0	410.0	121.35820007324219	-98.04943084716797
2736.0	0.0	116.52163696289062	-81.8893814086914
2736.0	409.0	114.24759674072266	-84.85823822021484
2736.0	407.0	113.96802520751953	-79.61249542236328
2736.0	410.0	120.01081085205078	-104.73894500732422
2760.0	0.0	116.52168273925781	-81.88938903808594
2760.0	409.0	114.26532745361328	-84.84419250488281
2760.0	407.0	113.97293090820312	-79.61003875732422
2760.0	410.0	116.58539581298828	-90.46784973144531
2760.0	425.0	121.76602935791016	-77.71192169189453
2784.0	0.0	116.52168273925781	-81.88938903808594
2784.0	409.0	114.2271728515625	-84.89685821533203
2784.0	407.0	113.97674560546875	-79.61174774169922
2784.0	410.0	116.02700805664062	-89.81275939941406
2808.0	0.0	116.5216064453125	-81.8893814086914
2808.0	409.0	114.2511215209961	-84.86347198486328
2808.0	407.0	113.96424865722656	-79.61067199707031
2808.0	410.0	115.13580322265625	-89.73065185546875
2808.0	425.0	121.10427856445312	-77.12445831298828
2832.0	0.0	116.5217056274414	-81.88939666748047
2832.0	409.0	114.26935577392578	-84.84225463867188
2832.0	407.0	113.96522521972656	-79.60967254638672
2832.0	410.0	113.33789825439453	-93.82828521728516
2856.0	0.0	116.51756286621094	-81.8886947631836
2856.0	409.0	114.27593231201172	-84.8861312866211
2856.0	407.0	113.94722747802734	-79.62675476074219
2856.0	410.0	112.02880859375	-94.39310455322266
2880.0	0.0	116.4329605102539	-81.88206481933594
2880.0	409.0	113.86394500732422	-86.62000274658203
2880.0	407.0	105.93815612792969	-74.91360473632812
2880.0	410.0	112.58396911621094	-94.51530456542969
2904.0	0.0	116.33226776123047	-81.8989028930664
2904.0	409.0	111.326416015625	-95.93118286132812
2904.0	407.0	104.58474731445312	-75.66604614257812
2928.0	0.0	116.23210144042969	-81.95076751708984
2928.0	409.0	110.68101501464844	-95.85198211669922
2928.0	407.0	105.49214172363281	-75.27613830566406
2928.0	398.0	127.22730255126953	-85.27030944824219
2952.0	0.0	116.08512878417969	-82.08745574951172
2952.0	409.0	110.75357818603516	-95.8641586303711
2952.0	407.0	105.0789566040039	-75.07196807861328
2952.0	398.0	126.3758316040039	-85.66556549072266
2976.0	0.0	115.91120910644531	-82.3348159790039
2976.0	409.0	103.10565948486328	-109.11741638183594
2976.0	407.0	105.89350128173828	-74.76111602783203
2976.0	398.0	125.70658874511719	-86.92467498779297
2976.0	437.0	114.24960327148438	-84.5644760131836
3000.0	0.0	115.80918884277344	-82.55911254882812
3000.0	409.0	102.45349884033203	-107.30084228515625
3000.0	407.0	106.953857421875	-74.62559509277344
3000.0	398.0	126.43263244628906	-86.80206298828125
3000.0	437.0	114.10653686523438	-84.36494445800781
3000.0	440.0	121.072509765625	-102.83599853515625
3024.0	0.0	115.77180480957031	-82.7623062133789
3024.0	409.0	102.2780532836914	-107.98596954345703
3024.0	407.0	106.48848724365234	-74.57386016845703
3024.0	398.0	134.14889526367188	-88.5095443725586
3024.0	437.0	114.26372528076172	-84.30757141113281
3024.0	440.0	121.49195098876953	-99.61319732666016
3048.0	0.0	115.7895736694336	-82.94542694091797
3048.0	409.0	99.91787719726562	-103.53437042236328
3048.0	398.0	125.86852264404297	-86.98839569091797
3048.0	437.0	114.27587890625	-84.11377716064453
3048.0	440.0	120.98126983642578	-102.45179748535156
3072.0	0.0	115.88663482666016	-83.25157165527344
3072.0	409.0	97.37557983398438	-99.7110595703125
3072.0	398.0	125.60614776611328	-88.74662017822266
3072.0	437.0	114.31043243408203	-84.18818664550781
3072.0	440.0	116.92942810058594	-89.62543487548828
3096.0	0.0	116.04984283447266	-83.5687255859375
3096.0	409.0	94.56220245361328	-94.99872589111328
3096.0	398.0	124.88656616210938	-90.26524353027344
3096.0	440.0	116.67322540283203	-89.63243865966797
3120.0	0.0	116.24969482421875	-83.86133575439453
3120.0	409.0	93.57019805908203	-91.77979278564453
3120.0	398.0	124.58611297607422	-91.68814086914062
3120.0	440.0	116.48643493652344	-89.60845947265625
3144.0	0.0	116.43128967285156	-84.08489227294922
3144.0	409.0	94.00579071044922	-85.90716552734375
3144.0	398.0	119.38541412353516	-89.66941833496094
3144.0	440.0	116.3538589477539	-89.57071685791016
3168.0	0.0	116.477294921875	-84.13786315917969
3168.0	398.0	116.5842056274414	-85.1403579711914
3168.0	440.0	116.33264923095703	-85.29769134521484
3192.0	0.0	116.48065948486328	-84.14171600341797
3192.0	398.0	116.42894744873047	-85.41957092285156
3216.0	0.0	116.4834213256836	-84.14481353759766
3216.0	398.0	116.37489318847656	-85.47008514404297
3216.0	442.0	118.45179748535156	-77.774658203125
3240.0	0.0	116.49250793457031	-84.15313720703125
3240.0	398.0	116.53233337402344	-85.52359771728516
3240.0	442.0	118.19498443603516	-77.70648956298828
3264.0	0.0	116.50404357910156	-84.1597900390625
3264.0	398.0	118.20162963867188	-92.15742492675781
3264.0	442.0	117.22594451904297	-78.98833465576172
3288.0	0.0	116.50538635253906	-84.16047668457031
3288.0	398.0	118.12318420410156	-92.30423736572266
3288.0	442.0	117.35382843017578	-78.99038696289062
3312.0	0.0	116.50528717041016	-84.16053771972656
3312.0	398.0	116.71017456054688	-85.54756927490234
3312.0	442.0	118.16046142578125	-77.68798065185547
3336.0	0.0	116.50337219238281	-84.16114807128906
3336.0	398.0	118.52709197998047	-91.9782943725586
3336.0	442.0	117.71778869628906	-77.5733871459961
3360.0	0.0	116.50373077392578	-84.1606674194336
3360.0	398.0	121.22660827636719	-103.85029602050781
3360.0	442.0	118.0009536743164	-77.67105102539062
3384.0	0.0	116.52952575683594	-84.1271743774414
3384.0	448.0	95.81906127929688	-82.45005798339844
3384.0	442.0	117.9706039428711	-77.62358856201172
3384.0	465.0	125.37296295166016	-78.20501708984375
3408.0	0.0	116.55712127685547	-84.06256103515625
3408.0	448.0	95.3041000366211	-82.97834777832031
3408.0	442.0	117.56729125976562	-79.0159912109375
3408.0	465.0	126.03105163574219	-78.25648498535156
3432.0	0.0	116.5611801147461	-84.04142761230469
3432.0	448.0	94.67103576660156	-83.96234130859375
3432.0	442.0	117.41881561279297	-78.98373413085938
3432.0	465.0	126.47113800048828	-78.78727722167969
3456.0	0.0	116.5628662109375	-84.05561828613281
3456.0	448.0	inf	inf
3456.0	442.0	117.13714599609375	-78.93497467041016
3456.0	465.0	126.78207397460938	-79.3294906616211
3480.0	0.0	116.56637573242188	-84.06476593017578
3480.0	448.0	94.30921936035156	-85.20903778076172
3480.0	465.0	126.66277313232422	-79.00007629394531
3504.0	0.0	116.57194519042969	-84.07258605957031
3504.0	448.0	94.55809020996094	-84.17955017089844
3504.0	465.0	126.98971557617188	-79.8495101928711
3528.0	0.0	116.57237243652344	-84.07308197021484
3528.0	448.0	111.93037414550781	-83.09713745117188
3528.0	465.0	127.7093505859375	-82.6317138671875
3528.0	466.0	116.35252380371094	-85.3250961303711
3552.0	0.0	116.57234954833984	-84.07305908203125
3552.0	448.0	112.00912475585938	-83.19852447509766
3552.0	465.0	119.45671844482422	-83.9278335571289
3552.0	466.0	116.3567123413086	-85.30224609375
3552.0	467.0	99.6968994140625	-77.53612518310547
3576.0	0.0	116.57247924804688	-84.07320404052734
3576.0	448.0	112.0323715209961	-83.34294891357422
3576.0	465.0	127.80965423583984	-84.16575622558594
3576.0	466.0	116.36450958251953	-85.31938171386719
3600.0	0.0	116.57244873046875	-84.07317352294922
3600.0	448.0	112.03687286376953	-83.49295806884766
3600.0	466.0	116.36882019042969	-85.33769989013672
3600.0	468.0	100.72905731201172	-76.81734466552734
3624.0	0.0	116.56352233886719	-84.06324005126953
3624.0	448.0	111.93540954589844	-83.74888610839844
3624.0	466.0	116.39933776855469	-85.37226867675781
3624.0	468.0	100.86736297607422	-76.94951629638672
3648.0	0.0	116.43622589111328	-83.957763671875
3648.0	448.0	93.83409881591797	-86.9271469116211
3648.0	466.0	116.53244018554688	-85.41678619384766
3648.0	468.0	98.31912994384766	-78.85963439941406
3672.0	0.0	116.12633514404297	-83.77078247070312
3672.0	448.0	94.0703353881836	-85.42204284667969
3672.0	466.0	116.22283172607422	-85.3446044921875
3672.0	468.0	100.19031524658203	-77.15364074707031
3696.0	0.0	115.78617095947266	-83.58165740966797
3696.0	448.0	111.24894714355469	-83.53308868408203
3696.0	466.0	115.94890594482422	-85.47514343261719
3696.0	468.0	111.78865051269531	-81.05400085449219
3720.0	0.0	115.51949310302734	-83.42668914794922
3720.0	448.0	111.07518768310547	-83.5759048461914
3720.0	468.0	112.34066772460938	-81.04841613769531
3744.0	0.0	115.42745971679688	-83.37262725830078
3744.0	448.0	110.90372467041016	-83.834228515625
3744.0	468.0	105.29254913330078	-75.31920623779297
3744.0	475.0	115.5892333984375	-90.3839111328125
3768.0	0.0	115.38558197021484	-83.34814453125
3768.0	448.0	94.06597137451172	-85.3272933959961
3768.0	468.0	106.35430145263672	-74.66708374023438
3792.0	0.0	115.28801727294922	-83.29133605957031
3792.0	448.0	94.13080596923828	-85.12549591064453
3792.0	468.0	113.75752258300781	-81.33538818359375
3816.0	0.0	115.17230987548828	-83.22357177734375
3816.0	448.0	110.83805847167969	-83.52832794189453
3816.0	468.0	114.23119354248047	-81.57238006591797
3816.0	476.0	114.5255126953125	-81.47764587402344
3816.0	477.0	115.60437774658203	-90.23893737792969
3840.0	0.0	115.02760314941406	-83.13823699951172
3840.0	448.0	110.69461822509766	-83.49283599853516
3840.0	468.0	112.26753997802734	-76.882080078125
3840.0	477.0	115.55589294433594	-90.13378143310547
3864.0	0.0	114.83118438720703	-83.0222396850586
3864.0	448.0	110.54672241210938	-83.5425033569336
3864.0	468.0	114.70487213134766	-77.92412567138672
3864.0	479.0	113.16131591796875	-77.97654724121094
3888.0	0.0	114.50977325439453	-82.82634735107422
3888.0	448.0	110.47875213623047	-83.4386978149414
3888.0	468.0	116.47650909423828	-78.64523315429688
3888.0	479.0	113.16822052001953	-77.95463562011719
3888.0	480.0	115.19709014892578	-89.96836853027344
3912.0	0.0	114.178466796875	-82.5995101928711
3912.0	448.0	110.37139129638672	-83.31360626220703
3912.0	468.0	122.86243438720703	-76.92678833007812
3912.0	479.0	113.37801361083984	-77.96781158447266
3912.0	480.0	114.59150695800781	-89.84410095214844
3936.0	0.0	113.87335968017578	-82.34549713134766
3936.0	448.0	110.27821350097656	-83.32728576660156
3936.0	468.0	124.64437866210938	-80.98709869384766
3936.0	479.0	113.4226303100586	-77.97299194335938
3960.0	0.0	113.57786560058594	-82.07707214355469
3960.0	448.0	110.375244140625	-83.57914733886719
3960.0	479.0	113.1025161743164	-77.98683166503906
3960.0	486.0	108.85958099365234	-90.44429779052734
3984.0	0.0	113.28646087646484	-81.80001068115234
3984.0	448.0	110.3609390258789	-83.52696228027344
3984.0	479.0	113.03437805175781	-77.93118286132812
3984.0	486.0	108.4313735961914	-90.0958023071289
4008.0	0.0	112.99663543701172	-81.52194213867188
4008.0	448.0	110.31196594238281	-83.4744873046875
4008.0	479.0	112.98674011230469	-77.966552734375
4008.0	486.0	108.20369720458984	-89.7412338256836
4032.0	0.0	112.7095718383789	-81.24344635009766
4032.0	448.0	110.25162506103516	-83.39997100830078
4032.0	479.0	112.93444061279297	-77.9807357788086
4032.0	486.0	107.9502944946289	-89.39411926269531
4032.0	490.0	110.27867126464844	-90.58536529541016
4056.0	0.0	112.42224884033203	-80.96471405029297
4056.0	448.0	110.16738891601562	-83.3377456665039
4056.0	479.0	112.89347076416016	-78.04247283935547
4056.0	486.0	107.79390716552734	-88.84210968017578
4056.0	490.0	109.88259887695312	-90.02840423583984
4080.0	0.0	112.12651062011719	-80.6897201538086
4080.0	448.0	110.21192932128906	-83.39860534667969
4080.0	479.0	112.93170166015625	-77.06430053710938
4080.0	486.0	110.55769348144531	-83.66986846923828
4104.0	0.0	111.8149642944336	-80.43083953857422
4104.0	448.0	110.20431518554688	-83.41157531738281
4104.0	479.0	113.28966522216797	-76.05180358886719
4104.0	494.0	109.58432006835938	-89.03125762939453
4128.0	0.0	111.49361419677734	-80.19720458984375
4128.0	448.0	110.15347290039062	-83.40817260742188
4128.0	479.0	113.0330810546875	-77.02396392822266
4128.0	494.0	110.60064697265625	-83.6197509765625
4152.0	0.0	111.1619644165039	-79.98307800292969
4152.0	448.0	110.08222961425781	-83.4078369140625
4152.0	479.0	113.01580047607422	-77.10511779785156
4152.0	496.0	107.1791763305664	-87.69088745117188
4176.0	0.0	110.8150634765625	-79.78899383544922
4176.0	448.0	110.12195587158203	-83.48997497558594
4176.0	479.0	113.29962921142578	-76.51344299316406
4176.0	496.0	107.21308898925781	-87.36708068847656
4200.0	0.0	110.45476531982422	-79.61552429199219
4200.0	448.0	110.14887237548828	-83.51024627685547
4200.0	479.0	113.26126098632812	-76.71017456054688
4200.0	498.0	102.58570098876953	-109.21275329589844
4224.0	0.0	110.09141540527344	-79.47344970703125
4224.0	448.0	110.22566223144531	-83.54024505615234
4224.0	479.0	112.92919158935547	-77.12676239013672
4224.0	501.0	107.2047119140625	-86.29536437988281
4224.0	498.0	102.5966796875	-108.5484619140625
4248.0	0.0	109.72774505615234	-79.36643981933594
4248.0	448.0	110.19403839111328	-83.5600357055664
4248.0	479.0	112.83828735351562	-77.25428771972656
4248.0	498.0	102.01468658447266	-111.61212921142578
4248.0	497.0	120.1745834350586	-102.19434356689453
4248.0	503.0	98.2082748413086	-78.76657104492188
4272.0	0.0	109.39022064208984	-79.30732727050781
4272.0	448.0	110.40770721435547	-83.5290756225586
4272.0	498.0	inf	inf
4272.0	501.0	107.10653686523438	-85.53401184082031
4272.0	506.0	120.651123046875	-100.30374145507812
4296.0	0.0	109.04278564453125	-79.30436706542969
4296.0	448.0	110.48059844970703	-83.68983459472656
4296.0	509.0	106.91483306884766	-85.05765533447266
4296.0	498.0	inf	inf
4320.0	0.0	108.65074157714844	-79.34428405761719
4320.0	448.0	110.05228424072266	-83.57955169677734
4320.0	509.0	106.14706420898438	-84.44344329833984
4320.0	498.0	102.30611419677734	-107.73524475097656
4320.0	506.0	113.29316711425781	-88.1474380493164
4320.0	511.0	109.61348724365234	-83.70948791503906
4344.0	0.0	108.2557144165039	-79.4066162109375
4344.0	448.0	109.86783599853516	-83.64325714111328
4344.0	509.0	105.6315689086914	-83.98698425292969
4344.0	498.0	100.6722640991211	-105.2042236328125
4344.0	516.0	100.6009521484375	-74.88472747802734
4344.0	517.0	115.89339447021484	-85.70765686035156
4368.0	0.0	107.86540222167969	-79.48160552978516
4368.0	448.0	109.925048828125	-83.658203125
4368.0	509.0	105.10285186767578	-83.96550750732422
4368.0	498.0	99.89000701904297	-103.98760986328125
4368.0	517.0	115.93331146240234	-85.80282592773438
4368.0	516.0	101.90635681152344	-74.20886993408203
4392.0	0.0	107.47633361816406	-79.56993103027344
4392.0	448.0	109.93388366699219	-83.70582580566406
4392.0	498.0	99.2195816040039	-102.87835693359375
4392.0	516.0	103.57453155517578	-73.82940673828125
4392.0	509.0	104.73313903808594	-83.4163589477539
4416.0	0.0	107.08726501464844	-79.67412567138672
4416.0	448.0	109.86769104003906	-83.70880889892578
4416.0	498.0	98.41138458251953	-101.62301635742188
4416.0	516.0	105.23361206054688	-73.4332275390625
4416.0	509.0	93.85787200927734	-93.9119644165039
4440.0	0.0	106.69651794433594	-79.7909164428711
4440.0	448.0	109.83184051513672	-83.75951385498047
4440.0	498.0	98.06526184082031	-100.92510223388672
4440.0	516.0	107.29700469970703	-73.16500854492188
4440.0	509.0	93.21987915039062	-89.65632629394531
4440.0	518.0	108.45057678222656	-86.12179565429688
4440.0	519.0	109.56241607666016	-84.0225601196289
4464.0	0.0	106.32498931884766	-79.91108703613281
4464.0	448.0	109.68677520751953	-83.80833435058594
4464.0	498.0	104.96198272705078	-83.0350112915039
4464.0	509.0	93.8469467163086	-85.4990005493164
4464.0	519.0	111.47261810302734	-87.59738159179688
4488.0	0.0	106.0347671508789	-80.00474548339844
4488.0	448.0	109.58375549316406	-83.92422485351562
4488.0	498.0	104.68490600585938	-82.82949829101562
4488.0	509.0	94.81599426269531	-83.02752685546875
4488.0	519.0	111.07807159423828	-87.5213623046875
4512.0	0.0	105.9792251586914	-80.02257537841797
4512.0	448.0	109.6520004272461	-83.7381820678711
4512.0	498.0	96.74088287353516	-99.18617248535156
4512.0	519.0	111.01852416992188	-87.19891357421875
4512.0	521.0	107.54730224609375	-84.72628784179688
4536.0	0.0	105.9802017211914	-80.02226257324219
4536.0	448.0	109.61000061035156	-83.64788818359375
4536.0	498.0	95.77015686035156	-97.7127914428711
4536.0	521.0	107.38190460205078	-84.223388671875
4536.0	519.0	110.81166076660156	-86.96533966064453
4560.0	0.0	105.98033905029297	-80.022216796875
4560.0	448.0	109.59458923339844	-83.63526916503906
4560.0	498.0	94.11256408691406	-94.78235626220703
4560.0	521.0	107.17262268066406	-83.53215789794922
4560.0	519.0	110.54754638671875	-86.80936431884766
4584.0	0.0	105.9802017211914	-80.02226257324219
4584.0	448.0	109.59394836425781	-83.7254409790039
4584.0	498.0	93.28765106201172	-91.2484359741211
4584.0	521.0	107.03059387207031	-82.9598388671875
4584.0	519.0	110.17218780517578	-86.6436538696289
4608.0	0.0	105.9802017211914	-80.02226257324219
4608.0	448.0	109.63813018798828	-83.88471984863281
4608.0	498.0	93.47021484375	-87.51161193847656
4608.0	521.0	106.9905014038086	-82.5802001953125
4608.0	519.0	107.39514923095703	-82.39221954345703
4632.0	0.0	105.98113250732422	-80.02197265625
4632.0	448.0	109.59031677246094	-83.99185180664062
4632.0	498.0	94.18273162841797	-84.6390380859375
4632.0	521.0	107.10765075683594	-82.12843322753906
4656.0	0.0	105.98383331298828	-80.02120971679688
4656.0	448.0	107.14947509765625	-81.64850616455078
4656.0	498.0	102.09144592285156	-80.58763122558594
4656.0	521.0	109.3272933959961	-86.16079711914062
4680.0	0.0	105.97177124023438	-80.02252197265625
4680.0	498.0	101.65528106689453	-80.13790130615234
4680.0	521.0	109.06321716308594	-84.49860382080078
4680.0	528.0	108.03064727783203	-86.52531433105469
4704.0	0.0	105.97048950195312	-80.02262115478516
4704.0	498.0	95.23259735107422	-80.68772888183594
4704.0	528.0	108.32308959960938	-86.1772689819336
4704.0	531.0	109.43223571777344	-84.40199279785156
4728.0	0.0	105.96495819091797	-80.0229263305664
4728.0	498.0	100.41465759277344	-79.8978271484375
4728.0	528.0	107.77417755126953	-86.08406066894531
4728.0	531.0	109.4543228149414	-84.69690704345703
4752.0	0.0	105.93070983886719	-80.01918029785156
4752.0	498.0	97.45458984375	-77.2989501953125
4752.0	528.0	106.0074234008789	-89.28033447265625
4752.0	531.0	117.87001037597656	-107.60704040527344
4776.0	0.0	105.90804290771484	-80.01126861572266
4776.0	498.0	97.44327545166016	-77.31854248046875
4776.0	528.0	104.54017639160156	-119.44664764404297
4776.0	535.0	111.54574584960938	-77.58021545410156
4800.0	0.0	105.90189361572266	-80.00725555419922
4800.0	498.0	97.77660369873047	-76.61477661132812
4800.0	528.0	101.4570083618164	-107.19466400146484
4800.0	535.0	112.39655303955078	-73.81639099121094
4824.0	0.0	105.89972686767578	-80.00428771972656
4824.0	535.0	108.49507904052734	-73.3729019165039
4848.0	0.0	105.89907836914062	-80.00296020507812
4848.0	535.0	106.28073120117188	-73.42594909667969
4872.0	0.0	105.8982925415039	-79.9974136352539
4872.0	535.0	104.97969818115234	-73.51129913330078
4896.0	0.0	105.89855194091797	-79.99481201171875
4896.0	535.0	103.25204467773438	-73.9368896484375
4920.0	0.0	105.89827728271484	-79.99566650390625
4920.0	535.0	101.96424865722656	-74.41152954101562
4920.0	580.0	120.18014526367188	-105.26055145263672
4944.0	0.0	105.89810180664062	-79.99566650390625
4944.0	535.0	101.46009826660156	-74.21936798095703
4944.0	580.0	119.39957427978516	-107.47738647460938
4944.0	582.0	98.74356079101562	-75.6744384765625
4968.0	0.0	105.89450073242188	-79.9984359741211
4968.0	535.0	100.92967224121094	-74.60953521728516
4968.0	580.0	118.52287292480469	-105.91831970214844
4968.0	582.0	102.59185028076172	-78.10079193115234
4992.0	0.0	105.89838409423828	-79.99760437011719
4992.0	535.0	100.35900115966797	-75.02668762207031
4992.0	569.0	104.75821685791016	-83.8021469116211
4992.0	581.0	103.8784408569336	-84.69183349609375
5016.0	0.0	105.98675537109375	-79.99075317382812
5016.0	569.0	104.75869750976562	-83.4314193725586
5016.0	579.0	103.29633331298828	-84.36538696289062
5016.0	580.0	118.90658569335938	-108.10067749023438
5016.0	581.0	104.37419128417969	-83.3512191772461
5040.0	0.0	106.31838989257812	-79.98921203613281
5040.0	569.0	99.75425720214844	-104.00454711914062
5040.0	579.0	104.7325210571289	-83.56815338134766
5040.0	580.0	110.50941467285156	-86.33612060546875
5064.0	0.0	106.73268127441406	-79.97967529296875
5064.0	569.0	98.30016326904297	-101.3945083618164
5064.0	588.0	114.77882385253906	-92.48587036132812
5088.0	0.0	107.12773895263672	-79.96231842041016
5088.0	588.0	110.50676727294922	-86.80447387695312
5088.0	590.0	113.65000915527344	-85.12753295898438
5088.0	569.0	101.88916015625	-87.21672058105469
5088.0	591.0	112.96430969238281	-77.96863555908203
5112.0	0.0	107.52352142333984	-79.94642639160156
5112.0	590.0	113.65609741210938	-85.07035827636719
5112.0	592.0	96.06204986572266	-97.87359619140625
5112.0	591.0	112.95939636230469	-77.9960708618164
5136.0	0.0	107.92909240722656	-79.93208312988281
5136.0	590.0	113.62063598632812	-85.0782241821289
5136.0	594.0	118.27374267578125	-112.42770385742188
5160.0	0.0	108.33959197998047	-79.92156219482422
5160.0	594.0	118.01068115234375	-119.31587982177734
5160.0	596.0	112.8021240234375	-78.17898559570312
5160.0	593.0	113.96348571777344	-84.6537857055664
5184.0	0.0	108.74444580078125	-79.91349029541016
5184.0	596.0	112.89125061035156	-78.05046081542969
5184.0	593.0	114.15220642089844	-84.638916015625
5184.0	598.0	113.61223602294922	-85.06856536865234
5208.0	0.0	109.099609375	-79.91529083251953
5208.0	596.0	112.91343688964844	-78.40258026123047
5208.0	593.0	113.76318359375	-84.85791015625
5208.0	598.0	113.21138000488281	-85.41128540039062
5208.0	594.0	109.39514923095703	-87.32208251953125
5232.0	0.0	109.33927154541016	-79.96078491210938
5232.0	596.0	113.46755981445312	-78.81922912597656
5232.0	598.0	119.92960357666016	-101.68074798583984
5256.0	0.0	109.65462493896484	-80.08170318603516
5256.0	596.0	113.0778579711914	-78.45039367675781
5256.0	598.0	112.88679504394531	-85.42257690429688
5256.0	606.0	108.8924560546875	-87.6100082397461
5280.0	0.0	110.02244567871094	-80.2364730834961
5280.0	596.0	112.9839859008789	-78.19256591796875
5280.0	598.0	113.31745910644531	-85.1124267578125
5280.0	606.0	109.49200439453125	-88.00994110107422
5280.0	616.0	121.26211547851562	-81.67086029052734
5280.0	618.0	117.74977111816406	-84.4704360961914
5280.0	619.0	116.46504211425781	-84.51504516601562
5280.0	620.0	114.13185119628906	-84.59860229492188
5304.0	0.0	110.39785766601562	-80.3971176147461
5304.0	596.0	112.99864196777344	-78.20808410644531
5304.0	598.0	113.27677917480469	-85.09709167480469
5304.0	616.0	121.77098083496094	-82.44483947753906
5304.0	618.0	117.40266418457031	-84.24259185791016
5304.0	619.0	116.12222290039062	-84.25162506103516
5304.0	620.0	114.16252899169922	-84.568115234375
5304.0	622.0	120.2171859741211	-83.42186737060547
5328.0	0.0	110.76691436767578	-80.5616226196289
5328.0	596.0	113.11393737792969	-78.27473449707031
5328.0	598.0	113.13825988769531	-85.10599517822266
5328.0	618.0	116.95162200927734	-84.11495971679688
5328.0	619.0	115.72953033447266	-84.06425476074219
5328.0	620.0	114.07952880859375	-84.61607360839844
5352.0	0.0	111.13079071044922	-80.73394775390625
5352.0	596.0	113.1250991821289	-78.28265380859375
5352.0	598.0	113.23469543457031	-85.05616760253906
5352.0	618.0	116.6198501586914	-83.83082580566406
5352.0	619.0	115.45779418945312	-83.77893829345703
5352.0	620.0	114.12329864501953	-84.5386734008789
5352.0	623.0	109.27850341796875	-88.51336669921875
5352.0	624.0	121.24588012695312	-83.9564437866211
5376.0	0.0	111.45399475097656	-80.88814544677734
5376.0	596.0	113.1351089477539	-78.29071807861328
5376.0	598.0	113.2477035522461	-85.02310180664062
5376.0	618.0	116.0473861694336	-83.50942993164062
5376.0	619.0	115.07720184326172	-83.56573486328125
5376.0	620.0	114.16972351074219	-84.50604248046875
5376.0	624.0	122.97992706298828	-85.19566345214844
5376.0	625.0	121.37059783935547	-82.4510269165039
5400.0	0.0	111.58231353759766	-80.94886779785156
5400.0	596.0	113.0252914428711	-78.22203063964844
5400.0	598.0	113.12852478027344	-85.04112243652344
5400.0	618.0	115.96436309814453	-83.46277618408203
5400.0	619.0	114.63282775878906	-83.388916015625
5400.0	620.0	114.10530090332031	-84.51111602783203
5400.0	624.0	123.18744659423828	-86.0987548828125
5400.0	625.0	121.53046417236328	-81.76721954345703
5400.0	626.0	112.03426361083984	-76.95503997802734
5424.0	0.0	111.61869812011719	-80.96601867675781
5424.0	598.0	113.13858795166016	-85.04582214355469
5424.0	618.0	115.54595947265625	-83.3789291381836
5424.0	619.0	114.1930923461914	-83.33599853515625
5424.0	620.0	114.06588745117188	-84.54219055175781
5424.0	625.0	121.08736419677734	-81.2997055053711
5424.0	626.0	111.84710693359375	-75.45724487304688
5424.0	627.0	108.92567443847656	-89.0684814453125
5448.0	0.0	111.62068176269531	-80.96695709228516
5448.0	598.0	112.9944839477539	-84.77838897705078
5448.0	618.0	115.10466766357422	-83.24748229980469
5448.0	619.0	113.6418228149414	-83.1024169921875
5448.0	620.0	113.29957580566406	-83.41423797607422
5448.0	625.0	120.94171905517578	-80.89141082763672
5448.0	626.0	111.52327728271484	-75.18707275390625
5472.0	0.0	111.67003631591797	-80.98929595947266
5472.0	598.0	113.05715942382812	-84.78372192382812
5472.0	618.0	114.84403991699219	-83.07379150390625
5472.0	619.0	113.3157958984375	-82.78850555419922
5472.0	620.0	113.05924987792969	-82.94161224365234
5472.0	625.0	121.53376007080078	-80.10027313232422
5472.0	628.0	111.85144805908203	-75.5365982055664
5472.0	626.0	110.93468475341797	-73.95462799072266
5496.0	0.0	111.936279296875	-81.08760833740234
5496.0	598.0	112.61164093017578	-82.81444549560547
5496.0	618.0	121.1323013305664	-86.99459838867188
5496.0	619.0	114.10372161865234	-83.54249572753906
5496.0	625.0	122.91322326660156	-78.7720947265625
5496.0	628.0	111.3801498413086	-75.70364379882812
5496.0	626.0	110.25973510742188	-74.00669860839844
5520.0	0.0	112.3218002319336	-81.19694519042969
5520.0	618.0	122.40574645996094	-88.88153076171875
5520.0	619.0	114.1183853149414	-84.51094055175781
5520.0	628.0	111.24111938476562	-75.81593322753906
5544.0	0.0	112.68013000488281	-81.25853729248047
5544.0	618.0	121.13880920410156	-89.4386978149414
5544.0	619.0	113.19771575927734	-84.73978424072266
5544.0	628.0	110.60224914550781	-75.88089752197266
5544.0	634.0	113.66114044189453	-82.66912078857422
5568.0	0.0	113.07433319091797	-81.27183532714844
5568.0	618.0	118.25369262695312	-90.55526733398438
5568.0	619.0	99.54359436035156	-103.10706329345703
5568.0	635.0	113.23573303222656	-82.55776977539062
5592.0	0.0	113.4710922241211	-81.28033447265625
5592.0	618.0	113.73836517333984	-84.60660552978516
5592.0	640.0	113.4898910522461	-78.17039489746094
5592.0	645.0	121.1063003540039	-90.99052429199219
5592.0	647.0	121.08003234863281	-84.75263214111328
5592.0	648.0	114.43902587890625	-84.50904846191406
5616.0	0.0	113.86306762695312	-81.30207824707031
5616.0	618.0	109.29608917236328	-91.02179718017578
5616.0	640.0	113.77598571777344	-77.41693878173828
5616.0	647.0	120.99541473388672	-84.873779296875
5616.0	648.0	114.25740814208984	-84.41991424560547
5616.0	650.0	113.29456329345703	-85.10222625732422
5640.0	0.0	114.19293975830078	-81.36259460449219
5640.0	618.0	112.44886016845703	-82.49828338623047
5640.0	640.0	114.08397674560547	-77.51885986328125
5640.0	647.0	122.86893463134766	-86.52808380126953
5640.0	648.0	113.96601867675781	-84.38929748535156
5640.0	650.0	113.01734924316406	-84.67015075683594
5640.0	651.0	120.86026000976562	-84.50115203857422
5664.0	0.0	114.44732666015625	-81.47135162353516
5664.0	640.0	114.31930541992188	-77.6088638305664
5664.0	648.0	113.73638916015625	-84.48767852783203
5664.0	650.0	112.78443145751953	-84.51744079589844
5664.0	647.0	121.8425521850586	-86.4045639038086
5688.0	0.0	114.72166442871094	-81.66101837158203
5688.0	648.0	114.06609344482422	-84.39811706542969
5688.0	650.0	113.03382873535156	-84.49433898925781
5688.0	647.0	122.16726684570312	-85.25977325439453
5712.0	0.0	114.98859405517578	-81.90904998779297
5712.0	648.0	114.2759017944336	-84.4300537109375
5712.0	650.0	113.31831359863281	-84.4549560546875
5712.0	647.0	122.1185073852539	-84.69197845458984
5736.0	0.0	115.27632904052734	-82.20884704589844
5736.0	648.0	114.54428100585938	-84.64437866210938
5736.0	650.0	113.75709533691406	-84.52932739257812
5736.0	647.0	120.5993423461914	-83.06504821777344
5736.0	687.0	121.83348846435547	-84.40618133544922
5736.0	688.0	121.42054748535156	-81.96672821044922
5736.0	684.0	121.41574096679688	-82.50108337402344
5760.0	0.0	115.5609130859375	-82.49022674560547
5760.0	648.0	114.71731567382812	-84.80067443847656
5760.0	650.0	114.23991394042969	-84.41463470458984
5760.0	647.0	120.73272705078125	-82.25240325927734
5760.0	687.0	122.83930206298828	-83.52338409423828
5760.0	688.0	122.16463470458984	-80.77308654785156
5760.0	684.0	121.3341293334961	-81.55484771728516
5784.0	0.0	115.86090850830078	-82.72406768798828
5784.0	648.0	103.83053588867188	-109.11833190917969
5784.0	650.0	114.46943664550781	-84.48085021972656
5784.0	647.0	121.37134552001953	-81.54276275634766
5784.0	687.0	127.39628601074219	-82.65571594238281
5784.0	684.0	121.82512664794922	-80.67955017089844
5808.0	0.0	116.19462585449219	-82.93534851074219
5808.0	648.0	109.43731689453125	-92.5339126586914
5808.0	650.0	114.45954895019531	-84.41580963134766
5808.0	647.0	120.45124053955078	-81.77537536621094
5808.0	687.0	121.98103332519531	-82.78348541259766
5808.0	688.0	121.71129608154297	-80.22245788574219
5808.0	684.0	121.30923461914062	-80.88786315917969
5832.0	0.0	116.53242492675781	-83.15034484863281
5832.0	648.0	97.87316131591797	-100.56109619140625
5832.0	650.0	114.40785217285156	-84.32571411132812
5832.0	647.0	120.44222259521484	-81.71678924560547
5832.0	687.0	121.76879119873047	-82.8343276977539
5832.0	688.0	121.22590637207031	-80.53376770019531
5856.0	0.0	116.87188720703125	-83.36988067626953
5856.0	648.0	96.05643463134766	-97.99205780029297
5856.0	650.0	114.46552276611328	-84.3680191040039
5856.0	647.0	120.32252502441406	-81.26549530029297
5856.0	687.0	121.78487396240234	-82.43074798583984
5856.0	691.0	120.80711364746094	-91.0026626586914
5880.0	0.0	117.20604705810547	-83.58519744873047
5880.0	648.0	94.99647521972656	-95.71839141845703
5880.0	650.0	114.5561294555664	-84.47710418701172
5880.0	647.0	120.31431579589844	-80.71420288085938
5880.0	691.0	121.03468322753906	-90.50655364990234
5904.0	0.0	117.54158020019531	-83.80506134033203
5904.0	648.0	93.70067596435547	-92.9603271484375
5904.0	687.0	121.87186431884766	-81.49080657958984
5904.0	647.0	120.50870513916016	-80.28515625
5904.0	691.0	121.04935455322266	-90.08010864257812
5928.0	0.0	117.8807601928711	-84.02780151367188
5928.0	648.0	93.41777801513672	-91.45098876953125
5928.0	691.0	121.25255584716797	-89.51823425292969
5928.0	693.0	121.77677154541016	-80.92266845703125
5928.0	694.0	129.4930419921875	-81.00177001953125
5952.0	0.0	118.22350311279297	-84.25201416015625
5952.0	691.0	121.24908447265625	-89.0819091796875
5952.0	694.0	130.62234497070312	-81.21810150146484
5952.0	693.0	121.7772445678711	-80.51126861572266
5976.0	0.0	118.55807495117188	-84.46476745605469
5976.0	691.0	121.49211883544922	-88.56340789794922
5976.0	693.0	121.76044464111328	-79.94338989257812
6000.0	0.0	118.89592742919922	-84.6657943725586
6000.0	691.0	121.67327880859375	-88.10726165771484
6024.0	0.0	119.2136001586914	-84.83318328857422
6024.0	691.0	121.75788116455078	-87.75267028808594
6048.0	0.0	119.33650207519531	-84.89664459228516
6048.0	691.0	121.6001968383789	-87.39109802246094
6048.0	697.0	129.9893035888672	-82.70530700683594
6072.0	0.0	119.3392105102539	-84.89803314208984
6072.0	691.0	121.674072265625	-86.94263458251953
6072.0	697.0	129.93353271484375	-82.93892669677734
6096.0	0.0	119.33926391601562	-84.89806365966797
6096.0	691.0	121.81221771240234	-86.55640411376953
6096.0	698.0	111.28772735595703	-95.10460662841797
6120.0	0.0	119.37836456298828	-84.91996002197266
6120.0	691.0	121.8744125366211	-86.31407928466797
6120.0	699.0	118.90225982666016	-82.16045379638672
6144.0	0.0	119.55152893066406	-85.05805969238281
6144.0	691.0	128.7438507080078	-90.4489517211914
6144.0	699.0	119.99179077148438	-82.34672546386719
6168.0	0.0	119.60884857177734	-85.1175765991211
6168.0	691.0	129.53744506835938	-89.11845397949219
6168.0	699.0	120.0808334350586	-82.46290588378906
