96.0	0.0	-38.05416488647461	-4.40635347366333
120.0	0.0	-38.05416488647461	-4.40635347366333
144.0	0.0	-38.054046630859375	-4.406348705291748
144.0	1431.0	-41.11677169799805	-4.6482834815979
144.0	1432.0	-39.34485626220703	-2.990809917449951
144.0	1433.0	-36.443115234375	-9.102940559387207
144.0	1434.0	-41.1271858215332	-4.323481559753418
168.0	0.0	-38.05411911010742	-4.406351566314697
168.0	1431.0	-41.22130584716797	-4.709213733673096
168.0	1432.0	-39.64055633544922	-2.8378145694732666
168.0	1433.0	-36.51507568359375	-8.650683403015137
168.0	1434.0	-41.218387603759766	-4.3126678466796875
192.0	0.0	-38.05411911010742	-4.406351566314697
192.0	1431.0	-41.21635818481445	-4.757123947143555
192.0	1432.0	-39.9717903137207	-2.8997910022735596
192.0	1433.0	-36.54951095581055	-8.147740364074707
192.0	1434.0	-41.21907043457031	-4.33961820602417
216.0	0.0	-38.054134368896484	-4.4063520431518555
216.0	1431.0	-41.226837158203125	-4.788322925567627
216.0	1432.0	-39.972713470458984	-3.02093243598938
216.0	1433.0	-36.61962127685547	-7.704122066497803
216.0	1434.0	-41.22126388549805	-4.348684310913086
240.0	0.0	-38.05419158935547	-4.4063544273376465
240.0	1431.0	-41.22364807128906	-4.764462471008301
240.0	1432.0	-40.33059310913086	-2.7955920696258545
240.0	1433.0	-36.671592712402344	-7.238893032073975
240.0	1434.0	-41.21929168701172	-4.347046852111816
240.0	1436.0	-41.18037033081055	-3.753514051437378
264.0	0.0	-38.05416488647461	-4.40635347366333
264.0	1431.0	-41.22361755371094	-4.798584938049316
264.0	1432.0	-39.52781677246094	-3.5433578491210938
264.0	1433.0	-36.76771926879883	-6.778236389160156
264.0	1434.0	-41.2237434387207	-4.383299827575684
288.0	0.0	-38.05420684814453	-4.406354904174805
288.0	1431.0	-41.22148132324219	-4.815695285797119
288.0	1432.0	-39.515220642089844	-3.5298991203308105
288.0	1433.0	-36.787879943847656	-6.305801868438721
288.0	1434.0	-41.22346878051758	-4.356826305389404
312.0	0.0	-38.05416488647461	-4.40635347366333
312.0	1431.0	-41.21963882446289	-4.81403112411499
312.0	1432.0	-39.54241180419922	-3.564729928970337
312.0	1433.0	-36.830589294433594	-5.840804100036621
312.0	1434.0	-41.221099853515625	-4.338967323303223
336.0	0.0	-38.05419158935547	-4.4063544273376465
336.0	1431.0	-41.22020721435547	-4.854665279388428
336.0	1432.0	-39.548824310302734	-3.5969414710998535
336.0	1434.0	-41.223758697509766	-4.427520275115967
360.0	0.0	-38.054134368896484	-4.4063520431518555
360.0	1431.0	-41.22520446777344	-4.817478656768799
360.0	1432.0	-39.57076644897461	-3.617022752761841
384.0	0.0	-38.05411911010742	-4.406351566314697
384.0	1431.0	-41.224830627441406	-4.753170013427734
384.0	1432.0	-39.661712646484375	-3.643157482147217
408.0	0.0	-38.0540885925293	-4.406350612640381
408.0	1431.0	-41.2278938293457	-4.761267185211182
408.0	1432.0	-39.69997024536133	-3.664130926132202
432.0	0.0	-38.05414962768555	-4.406352996826172
432.0	1431.0	-41.222110748291016	-4.721832275390625
432.0	1432.0	-39.79737854003906	-3.6588079929351807
456.0	0.0	-38.05410385131836	-4.406351089477539
456.0	1431.0	-41.2188720703125	-4.6920857429504395
456.0	1432.0	-39.92931365966797	-3.6478312015533447
456.0	1438.0	-37.49839782714844	-3.034883499145508
456.0	1439.0	-35.55894088745117	-7.827778339385986
480.0	0.0	-38.0540885925293	-4.406350612640381
480.0	1431.0	-41.21710205078125	-4.710898399353027
480.0	1432.0	-39.961883544921875	-3.6653947830200195
480.0	1438.0	-37.922523498535156	-2.8441193103790283
480.0	1439.0	-35.79005813598633	-7.8417649269104
504.0	0.0	-38.05411911010742	-4.406351566314697
504.0	1431.0	-41.217308044433594	-4.709193229675293
504.0	1438.0	-38.389732360839844	-2.695216655731201
504.0	1439.0	-36.21377182006836	-7.513233184814453
528.0	0.0	-38.05420684814453	-4.406354904174805
528.0	1438.0	-38.70732116699219	-2.5608091354370117
528.0	1439.0	-36.56388473510742	-7.1331963539123535
528.0	1432.0	-40.22768783569336	-3.6511921882629395
552.0	0.0	-38.05416488647461	-4.40635347366333
552.0	1438.0	-38.964473724365234	-2.4971730709075928
552.0	1439.0	-36.882240295410156	-6.759021759033203
552.0	1432.0	-40.2498664855957	-3.6676342487335205
576.0	0.0	-38.054134368896484	-4.4063520431518555
576.0	1438.0	-39.195945739746094	-2.5013866424560547
576.0	1439.0	-37.161582946777344	-6.308466911315918
576.0	1440.0	-37.172828674316406	-9.588515281677246
576.0	1441.0	-36.49242401123047	-9.428328514099121
600.0	0.0	-38.05411911010742	-4.406351566314697
600.0	1438.0	-39.34450149536133	-2.4458694458007812
600.0	1439.0	-37.255531311035156	-5.863629341125488
600.0	1440.0	-37.16556167602539	-9.569635391235352
600.0	1441.0	-36.52750015258789	-9.137386322021484
624.0	0.0	-38.05410385131836	-4.406351089477539
624.0	1438.0	-39.568809509277344	-2.4117226600646973
624.0	1439.0	-37.318817138671875	-5.329729080200195
624.0	1440.0	-37.18681716918945	-9.585000038146973
624.0	1441.0	-36.61318588256836	-8.849847793579102
648.0	0.0	-38.05419158935547	-4.4063544273376465
648.0	1438.0	-39.69353485107422	-2.3634278774261475
648.0	1440.0	-37.226985931396484	-9.587646484375
648.0	1441.0	-36.66073226928711	-8.703373908996582
672.0	0.0	-38.054176330566406	-4.406353950500488
672.0	1441.0	-36.719390869140625	-8.562613487243652
672.0	1438.0	-39.886417388916016	-2.450732946395874
696.0	0.0	-38.05410385131836	-4.406351089477539
696.0	1441.0	-36.825599670410156	-8.486778259277344
696.0	1438.0	-40.10723876953125	-2.4310595989227295
696.0	1440.0	-37.53801345825195	-9.154141426086426
720.0	0.0	-38.05411911010742	-4.406351566314697
720.0	1441.0	-36.899200439453125	-8.389669418334961
720.0	1440.0	-37.614681243896484	-8.77363109588623
720.0	1443.0	-36.016822814941406	-9.44241714477539
744.0	0.0	-38.054046630859375	-4.406348705291748
744.0	1441.0	-36.8487548828125	-8.288949966430664
744.0	1440.0	-37.687191009521484	-8.416075706481934
744.0	1443.0	-35.983882904052734	-9.112062454223633
744.0	1442.0	-38.0899658203125	-3.1030421257019043
744.0	1444.0	-40.54770278930664	-2.3961386680603027
768.0	0.0	-38.05403137207031	-4.40634822845459
768.0	1441.0	-36.87934494018555	-8.22724437713623
768.0	1440.0	-37.78612518310547	-8.09555721282959
768.0	1443.0	-35.9935302734375	-8.86666488647461
768.0	1442.0	-38.641883850097656	-2.9335758686065674
768.0	1444.0	-40.827152252197266	-2.3421030044555664
792.0	0.0	-38.05411911010742	-4.406351566314697
792.0	1441.0	-36.96169662475586	-8.160024642944336
792.0	1440.0	-37.87197494506836	-7.6626081466674805
792.0	1443.0	-36.084232330322266	-8.626879692077637
792.0	1445.0	-39.55509948730469	1.3420112133026123
816.0	0.0	-38.05414962768555	-4.406352996826172
816.0	1441.0	-37.07312774658203	-8.033453941345215
816.0	1440.0	-37.87217330932617	-7.276739120483398
816.0	1443.0	-36.17334747314453	-8.35533332824707
816.0	1445.0	-39.305076599121094	1.1456003189086914
816.0	1446.0	-39.363037109375	-2.778076410293579
816.0	1447.0	-41.05646514892578	-2.4470407962799072
840.0	0.0	-38.054134368896484	-4.4063520431518555
840.0	1441.0	-37.168601989746094	-7.947366237640381
840.0	1440.0	-37.87247085571289	-6.861562252044678
840.0	1443.0	-36.222232818603516	-8.11044979095459
840.0	1445.0	-39.05986785888672	0.9505729675292969
840.0	1446.0	-39.66720962524414	-2.7100653648376465
864.0	0.0	-38.05410385131836	-4.406351089477539
864.0	1441.0	-37.481651306152344	-6.606750011444092
864.0	1440.0	-37.8505973815918	-6.485461711883545
864.0	1443.0	-36.342529296875	-7.882490158081055
864.0	1446.0	-40.048709869384766	-2.717651605606079
888.0	0.0	-38.05414962768555	-4.406352996826172
888.0	1440.0	-37.76628875732422	-6.1725969314575195
888.0	1443.0	-36.494625091552734	-7.678779125213623
888.0	1446.0	-40.277374267578125	-2.643461227416992
888.0	1441.0	-37.52696228027344	-6.099539756774902
912.0	0.0	-38.05420684814453	-4.406354904174805
912.0	1440.0	-37.68628692626953	-5.748945236206055
912.0	1443.0	-37.35590744018555	-5.768737316131592
912.0	1446.0	-40.65376281738281	-2.5450384616851807
912.0	1448.0	-38.582584381103516	0.29130321741104126
936.0	0.0	-38.05414962768555	-4.406352996826172
936.0	1440.0	-37.66190719604492	-5.411016941070557
936.0	1446.0	-39.507259368896484	-3.4828550815582275
960.0	0.0	-38.05414962768555	-4.406352996826172
960.0	1440.0	-37.52621841430664	-5.073578357696533
960.0	1449.0	-38.228790283203125	-0.045837778598070145
960.0	1450.0	-37.378318786621094	-6.5478973388671875
984.0	0.0	-38.054134368896484	-4.4063520431518555
984.0	1449.0	-38.105098724365234	-0.28432416915893555
984.0	1450.0	-37.3797721862793	-6.2357177734375
984.0	1446.0	-39.570594787597656	-3.6166999340057373
984.0	1451.0	-36.98310470581055	-6.223944664001465
1008.0	0.0	-38.05411911010742	-4.406351566314697
1008.0	1449.0	-37.946807861328125	-0.41640329360961914
1008.0	1450.0	-37.376007080078125	-5.894922256469727
1008.0	1451.0	-37.067726135253906	-5.830541133880615
1008.0	1452.0	-37.37812042236328	-6.8530378341674805
1032.0	0.0	-38.0540885925293	-4.406350612640381
1032.0	1449.0	-37.76006317138672	-0.48997029662132263
1032.0	1450.0	-37.29102325439453	-5.589728355407715
1032.0	1452.0	-37.417747497558594	-6.5216779708862305
1032.0	1453.0	-39.79191970825195	-3.636444330215454
1056.0	0.0	-38.0540771484375	-4.4063496589660645
1056.0	1449.0	-37.553062438964844	1.286060094833374
1056.0	1450.0	-37.31180191040039	-5.37244176864624
1056.0	1452.0	-37.45462417602539	-6.219184875488281
1056.0	1453.0	-39.75006866455078	-3.6580708026885986
1080.0	0.0	-38.05411911010742	-4.406351566314697
1080.0	1449.0	-37.92913818359375	-3.4524965286254883
1080.0	1452.0	-37.459800720214844	-5.79439640045166
1080.0	1454.0	-37.58440017700195	-3.6659905910491943
1080.0	1455.0	-41.22095489501953	-4.668141841888428
1080.0	1453.0	-39.80198287963867	-3.659505844116211
1104.0	0.0	-38.054237365722656	-4.406356334686279
1104.0	1452.0	-37.417118072509766	-5.553511619567871
1104.0	1454.0	-37.832176208496094	-3.214527130126953
1104.0	1455.0	-41.21757888793945	-4.635523796081543
1104.0	1453.0	-39.93400955200195	-3.6485755443573
1128.0	0.0	-38.05414962768555	-4.406352996826172
1128.0	1452.0	-37.283294677734375	-5.370340347290039
1128.0	1454.0	-38.07661056518555	-2.9067494869232178
1128.0	1455.0	-41.22026062011719	-4.625113487243652
1128.0	1456.0	-36.58085632324219	-9.627002716064453
1152.0	0.0	-38.05416488647461	-4.40635347366333
1152.0	1454.0	-38.33527374267578	-2.7483227252960205
1152.0	1455.0	-41.219486236572266	-4.606547832489014
1152.0	1458.0	-37.22039794921875	-0.6306204199790955
1176.0	0.0	-38.05411911010742	-4.406351566314697
1176.0	1454.0	-38.653114318847656	-2.505213737487793
1176.0	1455.0	-41.218475341796875	-4.551202774047852
1176.0	1458.0	-37.20906448364258	-0.7144113183021545
1200.0	0.0	-38.05410385131836	-4.406351089477539
1200.0	1454.0	-38.99407958984375	-2.3897178173065186
1200.0	1455.0	-41.21762466430664	-4.522243499755859
1200.0	1458.0	-37.22310256958008	-0.7680697441101074
1200.0	1460.0	-40.418739318847656	-3.6693131923675537
1200.0	1461.0	-36.21710205078125	-9.593860626220703
1224.0	0.0	-38.05414962768555	-4.406352996826172
1224.0	1454.0	-39.26911926269531	-2.3985791206359863
1224.0	1455.0	-41.22261428833008	-4.491881847381592
1224.0	1458.0	-37.246192932128906	-0.7527145147323608
1224.0	1461.0	-36.226985931396484	-9.104820251464844
1224.0	1462.0	-37.11626052856445	-8.375456809997559
1248.0	0.0	-38.05411911010742	-4.406351566314697
1248.0	1454.0	-39.45442581176758	-2.396618127822876
1248.0	1455.0	-41.22355270385742	-4.4434428215026855
1248.0	1458.0	-37.27924728393555	-0.6664635539054871
1248.0	1461.0	-36.24009323120117	-8.644087791442871
1248.0	1462.0	-37.2351188659668	-8.098153114318848
1248.0	1465.0	-38.17128372192383	-8.738107681274414
1248.0	1466.0	-37.70462417602539	-8.25593090057373
1272.0	0.0	-38.05411911010742	-4.406351566314697
1272.0	1454.0	-39.67768859863281	-2.3710808753967285
1272.0	1455.0	-41.217525482177734	-4.446255207061768
1272.0	1458.0	-37.28191375732422	-0.7206569314002991
1272.0	1461.0	-36.29316711425781	-8.258270263671875
1272.0	1462.0	-37.355934143066406	-7.810971260070801
1272.0	1465.0	-38.57553482055664	-10.955856323242188
1272.0	1466.0	-37.73579025268555	-7.878471374511719
1296.0	0.0	-38.054134368896484	-4.4063520431518555
1296.0	1454.0	-39.81257629394531	-2.407848358154297
1296.0	1455.0	-41.2236442565918	-4.435999393463135
1296.0	1458.0	-37.279296875	-0.6609081029891968
1296.0	1461.0	-36.35603713989258	-7.996400356292725
1296.0	1462.0	-37.45029067993164	-7.536147594451904
1296.0	1465.0	-39.04237747192383	-10.911602973937988
1296.0	1466.0	-37.79691696166992	-7.5877790451049805
1320.0	0.0	-38.05414962768555	-4.406352996826172
1320.0	1454.0	-40.02621078491211	-2.40995717048645
1320.0	1455.0	-41.21776580810547	-4.419627666473389
1320.0	1458.0	-37.289024353027344	-0.7313427329063416
1320.0	1461.0	-36.418819427490234	-7.735865592956543
1320.0	1462.0	-37.51020812988281	-7.278862476348877
1320.0	1465.0	-39.5583381652832	-10.424708366394043
1320.0	1466.0	-37.87862014770508	-7.329098224639893
1344.0	0.0	-38.05419158935547	-4.4063544273376465
1344.0	1454.0	-40.200931549072266	-2.390962600708008
1344.0	1455.0	-41.21939468383789	-4.4591474533081055
1344.0	1458.0	-37.273780822753906	-0.7528271079063416
1344.0	1461.0	-36.462135314941406	-7.567553520202637
1344.0	1462.0	-37.59850311279297	-7.020532608032227
1344.0	1465.0	-40.22265625	-9.564338684082031
1344.0	1466.0	-37.95859146118164	-7.0702338218688965
1368.0	0.0	-38.054237365722656	-4.406356334686279
1368.0	1455.0	-41.2228889465332	-4.484769344329834
1368.0	1458.0	-37.3050422668457	-0.7240105867385864
1368.0	1461.0	-36.527923583984375	-7.322572708129883
1368.0	1462.0	-37.730167388916016	-6.826385021209717
1368.0	1465.0	-39.96711349487305	-7.20717191696167
1368.0	1454.0	-40.343605041503906	-2.379680633544922
1392.0	0.0	-38.05419158935547	-4.4063544273376465
1392.0	1455.0	-41.221031188964844	-4.478127956390381
1392.0	1458.0	-37.31024932861328	-0.7857533097267151
1392.0	1461.0	-36.745269775390625	-6.998142242431641
1392.0	1462.0	-37.83469009399414	-6.584317684173584
1392.0	1465.0	-39.35580825805664	-5.564518928527832
1392.0	1454.0	-40.50486755371094	-2.3923025131225586
1392.0	1466.0	-38.11925506591797	-6.522958755493164
1416.0	0.0	-38.05410385131836	-4.406351089477539
1416.0	1455.0	-40.12777328491211	-4.485188007354736
1416.0	1458.0	-37.31712341308594	-0.7082492709159851
1416.0	1465.0	-39.521202087402344	-5.20664644241333
1416.0	1454.0	-40.705142974853516	-2.4352669715881348
1416.0	1462.0	-37.987640380859375	-6.332911491394043
1440.0	0.0	-38.05411911010742	-4.406351566314697
1440.0	1455.0	-39.89101791381836	-4.496398448944092
1440.0	1458.0	-37.342628479003906	-0.7815710306167603
1440.0	1465.0	-39.799232482910156	-5.127786159515381
1440.0	1454.0	-40.91123962402344	-2.347257375717163
1440.0	1462.0	-38.10272979736328	-6.201422214508057
1440.0	1467.0	-36.713253021240234	-10.145273208618164
1440.0	1461.0	-36.95391082763672	-6.51171350479126
1464.0	0.0	-38.05416488647461	-4.40635347366333
1464.0	1458.0	-37.37277603149414	-0.7539344429969788
1464.0	1465.0	-39.986595153808594	-4.593912124633789
1464.0	1462.0	-38.963348388671875	-10.913371086120605
1464.0	1467.0	-37.57711410522461	-6.368897914886475
1464.0	1461.0	-37.198848724365234	-6.24429988861084
1488.0	0.0	-38.054176330566406	-4.406353950500488
1488.0	1458.0	-37.418975830078125	-0.705627977848053
1488.0	1462.0	-39.550514221191406	-10.78408432006836
1488.0	1461.0	-37.42338180541992	-5.878963947296143
1488.0	1468.0	-39.50578308105469	-3.499194622039795
1488.0	1465.0	-40.238616943359375	-4.453162670135498
1512.0	0.0	-38.05414962768555	-4.406352996826172
1512.0	1458.0	-37.581459045410156	-0.7977390885353088
1512.0	1462.0	-38.79085922241211	-6.235260486602783
1512.0	1461.0	-37.610679626464844	-5.653051853179932
1512.0	1468.0	-39.51747512817383	-3.5259339809417725
1512.0	1465.0	-40.508811950683594	-4.30739164352417
1512.0	1469.0	-41.22458267211914	-4.806970596313477
1536.0	0.0	-38.0540885925293	-4.406350612640381
1536.0	1458.0	-37.66707992553711	-0.7895512580871582
1536.0	1462.0	-38.79175567626953	-5.4325361251831055
1536.0	1461.0	-37.797325134277344	-5.5350847244262695
1536.0	1468.0	-39.534847259521484	-3.5516159534454346
1536.0	1465.0	-40.67505645751953	-4.237579345703125
1536.0	1469.0	-41.10893249511719	-4.849405765533447
1536.0	1470.0	-40.21177673339844	-9.347993850708008
1560.0	0.0	-38.05414962768555	-4.406352519989014
1560.0	1458.0	-37.79192352294922	-0.5839201807975769
1560.0	1462.0	-38.93278503417969	-5.139646053314209
1560.0	1461.0	-37.884395599365234	-5.412232875823975
1560.0	1468.0	-39.55514907836914	-3.6002914905548096
1560.0	1465.0	-40.924583435058594	-4.197131633758545
1560.0	1469.0	-41.04762649536133	-4.946543216705322
1560.0	1470.0	-39.85291290283203	-7.5239763259887695
1584.0	0.0	-38.05416488647461	-4.40635347366333
1584.0	1458.0	-37.82008743286133	-0.37175309658050537
1584.0	1462.0	-39.0375862121582	-5.059174537658691
1584.0	1461.0	-38.08001708984375	-5.1264777183532715
1584.0	1468.0	-39.56262969970703	-3.605785846710205
1584.0	1465.0	-41.106380462646484	-4.174455165863037
1584.0	1469.0	-39.12557601928711	-4.609501361846924
1584.0	1470.0	-39.17911148071289	-5.738681316375732
1584.0	1471.0	-36.76003646850586	-7.836333751678467
1608.0	0.0	-38.054176330566406	-4.406353950500488
1608.0	1458.0	-37.861759185791016	-0.2274184674024582
1608.0	1461.0	-38.22856521606445	-5.116245269775391
1608.0	1468.0	-39.57111740112305	-3.6219613552093506
1608.0	1465.0	-39.66728973388672	-4.259826183319092
1608.0	1469.0	-39.16291809082031	-4.616347312927246
1608.0	1470.0	-39.27877426147461	-5.508810043334961
1608.0	1471.0	-36.92780303955078	-7.486354351043701
1608.0	1472.0	-37.5428352355957	-7.595184326171875
1632.0	0.0	-38.05425262451172	-4.4063568115234375
1632.0	1458.0	-37.874324798583984	-0.03472292050719261
1632.0	1461.0	-38.61842346191406	-5.42494535446167
1632.0	1468.0	-39.632171630859375	-3.645641803741455
1632.0	1469.0	-39.3269157409668	-4.669875621795654
1632.0	1470.0	-38.655982971191406	-4.855096817016602
1632.0	1471.0	-37.10806655883789	-7.172572135925293
1632.0	1472.0	-37.721656799316406	-7.317399024963379
1632.0	1473.0	-39.32402801513672	-4.683455944061279
1632.0	1465.0	-39.37003707885742	-4.303723335266113
1656.0	0.0	-38.05420684814453	-4.406354904174805
1656.0	1458.0	-37.9095458984375	0.13664890825748444
1656.0	1461.0	-38.882389068603516	-5.280033588409424
1656.0	1470.0	-38.706871032714844	-4.799441337585449
1656.0	1471.0	-37.222347259521484	-6.783614158630371
1656.0	1472.0	-37.81728744506836	-7.026052951812744
1656.0	1469.0	-39.71300506591797	-4.840384483337402
1656.0	1473.0	-39.557437896728516	-4.561130523681641
1680.0	0.0	-38.05420684814453	-4.406354904174805
1680.0	1458.0	-37.946231842041016	0.30369114875793457
1680.0	1461.0	-38.98649215698242	-5.00477409362793
1680.0	1471.0	-37.323760986328125	-6.440329074859619
1680.0	1472.0	-37.93840408325195	-6.696282386779785
1680.0	1469.0	-38.79185485839844	-4.619663238525391
1680.0	1473.0	-39.79573440551758	-4.390744209289551
1704.0	0.0	-38.05416488647461	-4.40635347366333
1704.0	1458.0	-37.9216194152832	0.635136604309082
1704.0	1461.0	-39.09485626220703	-4.8106513023376465
1704.0	1471.0	-37.51115417480469	-6.059690952301025
1704.0	1472.0	-38.041236877441406	-6.779061794281006
1704.0	1473.0	-39.78645324707031	-4.236494064331055
1704.0	1474.0	-39.79143142700195	-3.6450490951538086
1728.0	0.0	-38.05410385131836	-4.406351089477539
1728.0	1458.0	-37.85794448852539	0.6690859794616699
1728.0	1471.0	-37.68069076538086	-5.795045375823975
1728.0	1472.0	-38.216434478759766	-6.296148300170898
1728.0	1473.0	-39.06221008300781	-4.319252014160156
1728.0	1476.0	-39.08380126953125	-4.794722557067871
1728.0	1461.0	-39.1489143371582	-4.662920951843262
1752.0	0.0	-38.054134368896484	-4.4063520431518555
1752.0	1458.0	-37.836021423339844	0.8423150181770325
1752.0	1471.0	-37.80774688720703	-5.592398166656494
1752.0	1472.0	-38.377899169921875	-6.299536228179932
1752.0	1461.0	-39.34683609008789	-4.502198696136475
1752.0	1477.0	-39.91778564453125	-3.6300647258758545
1752.0	1476.0	-40.281349182128906	-5.265653133392334
1776.0	0.0	-38.054134368896484	-4.4063520431518555
1776.0	1458.0	-37.859642028808594	0.9813197255134583
1776.0	1471.0	-37.99972915649414	-5.373124599456787
1776.0	1472.0	-38.32585525512695	-5.417535781860352
1776.0	1477.0	-39.41951370239258	-3.8538947105407715
1776.0	1478.0	-40.2606086730957	-5.226728916168213
1776.0	1479.0	-37.59928512573242	-6.421916484832764
1776.0	1461.0	-39.345924377441406	-4.403560161590576
1800.0	0.0	-38.05410385131836	-4.406351089477539
1800.0	1471.0	-38.0994987487793	-5.0868964195251465
1800.0	1472.0	-38.40392303466797	-5.159972667694092
1800.0	1478.0	-40.2504997253418	-5.238391399383545
1800.0	1479.0	-37.729225158691406	-6.162098407745361
1800.0	1458.0	-37.85676574707031	1.1713101863861084
1824.0	0.0	-38.05411911010742	-4.406351566314697
1824.0	1471.0	-39.05228805541992	-9.078181266784668
1824.0	1472.0	-38.4130859375	-4.997241973876953
1824.0	1478.0	-40.25914764404297	-5.23793888092041
1824.0	1479.0	-37.835777282714844	-5.921203136444092
1824.0	1461.0	-39.631553649902344	-4.258729457855225
1824.0	1481.0	-39.73191833496094	-4.650051116943359
1848.0	0.0	-38.05411911010742	-4.406351566314697
1848.0	1471.0	-40.213382720947266	-9.296220779418945
1848.0	1472.0	inf	inf
1848.0	1478.0	-40.21528244018555	-5.2356767654418945
1848.0	1479.0	-37.98069763183594	-5.639669418334961
1848.0	1461.0	-39.94141387939453	-4.2698211669921875
1848.0	1482.0	-39.77458572387695	-3.7946643829345703
1848.0	1481.0	-40.39117431640625	-4.773833274841309
1872.0	0.0	-38.05411911010742	-4.406351566314697
1872.0	1471.0	-40.02079391479492	-7.164838790893555
1872.0	1478.0	-38.69308090209961	-4.639086723327637
1872.0	1479.0	-38.0084228515625	-5.613706111907959
1872.0	1461.0	-40.07904052734375	-4.283358573913574
1872.0	1482.0	-39.94206619262695	-3.7901642322540283
1896.0	0.0	-38.05410385131836	-4.406351089477539
1896.0	1471.0	-39.05107116699219	-5.144584655761719
1896.0	1478.0	-38.73046112060547	-4.6443705558776855
1896.0	1479.0	-38.69834899902344	-10.944916725158691
1896.0	1461.0	-38.735015869140625	-4.36884069442749
1896.0	1482.0	-40.28696060180664	-3.7146496772766113
1920.0	0.0	-38.05411911010742	-4.406351566314697
1920.0	1471.0	-39.17292404174805	-5.020155906677246
1920.0	1479.0	-39.07052230834961	-10.909222602844238
1920.0	1461.0	-38.835113525390625	-4.368513584136963
1920.0	1483.0	-39.256744384765625	-4.667671203613281
1944.0	0.0	-38.05425262451172	-4.4063568115234375
1944.0	1471.0	-39.2792854309082	-4.906489372253418
1944.0	1479.0	-38.400291442871094	-5.494423866271973
1944.0	1483.0	-39.17143249511719	-4.329401016235352
1944.0	1485.0	-37.79237747192383	0.8629879355430603
1944.0	1486.0	-39.24259567260742	-4.413768291473389
1968.0	0.0	-38.05420684814453	-4.406354904174805
1968.0	1471.0	-39.369232177734375	-4.783416748046875
1968.0	1479.0	-38.53099060058594	-5.380407333374023
1968.0	1483.0	-39.31706619262695	-4.154104709625244
1968.0	1484.0	-37.28495407104492	-8.514314651489258
1968.0	1487.0	-39.55162048339844	-5.330659866333008
1992.0	0.0	-38.054134368896484	-4.4063520431518555
1992.0	1471.0	-39.562904357910156	-4.636115074157715
1992.0	1479.0	-38.73834228515625	-5.307957172393799
1992.0	1483.0	-39.434288024902344	-4.009673595428467
1992.0	1484.0	-37.09684371948242	-8.097676277160645
1992.0	1487.0	-38.87443542480469	-4.931241989135742
2016.0	0.0	-38.0540885925293	-4.406350612640381
2016.0	1471.0	-39.670833587646484	-4.693822860717773
2016.0	1479.0	-38.875953674316406	-5.153173446655273
2016.0	1483.0	-39.53571319580078	-3.9184622764587402
2016.0	1484.0	-36.880985260009766	-7.779636859893799
2016.0	1488.0	-39.859622955322266	-4.356424331665039
2016.0	1489.0	-35.422393798828125	-8.226961135864258
2016.0	1490.0	-37.855045318603516	0.6464127898216248
2040.0	0.0	-38.05411911010742	-4.406351566314697
2040.0	1471.0	-39.034881591796875	-4.559441566467285
2040.0	1479.0	-39.03266906738281	-4.825983047485352
2040.0	1483.0	-39.71934127807617	-3.9357950687408447
2040.0	1484.0	-36.791778564453125	-7.402812957763672
2040.0	1488.0	-39.251869201660156	-4.406691074371338
2040.0	1490.0	-37.829551696777344	0.757674515247345
2040.0	1491.0	-39.04813003540039	-5.574586868286133
2040.0	1489.0	-35.8005256652832	-8.182304382324219
2064.0	0.0	-38.054237365722656	-4.406356334686279
2064.0	1479.0	-39.1351203918457	-4.768775939941406
2064.0	1483.0	-39.91938018798828	-3.975980281829834
2064.0	1484.0	-36.665740966796875	-7.213219165802002
2064.0	1490.0	-37.82722473144531	0.7515642046928406
2064.0	1491.0	-38.87789535522461	-5.579957485198975
2088.0	0.0	-38.05425262451172	-4.4063568115234375
2088.0	1479.0	-39.25138473510742	-4.574948310852051
2088.0	1483.0	-39.204566955566406	-4.165006160736084
2088.0	1484.0	-36.54008102416992	-6.965643882751465
2088.0	1490.0	-37.82399368286133	0.704914391040802
2088.0	1491.0	-38.53875732421875	-5.54758358001709
2112.0	0.0	-38.054237365722656	-4.406356334686279
2112.0	1479.0	-39.36116409301758	-4.537097930908203
2112.0	1483.0	-39.39204025268555	-4.160418510437012
2112.0	1484.0	-36.46523666381836	-6.756234169006348
2112.0	1490.0	-37.82771682739258	0.7415914535522461
2112.0	1491.0	-38.444236755371094	-5.6517333984375
2112.0	1492.0	-36.71940612792969	-7.863013744354248
2136.0	0.0	-38.05420684814453	-4.406354904174805
2136.0	1479.0	-39.43748092651367	-4.508894443511963
2136.0	1484.0	-36.37457275390625	-6.645354270935059
2136.0	1490.0	-37.8319091796875	0.7317804098129272
2136.0	1491.0	-39.39687728881836	-10.83792781829834
2136.0	1492.0	-36.85441970825195	-7.7851104736328125
2160.0	0.0	-38.05419158935547	-4.4063544273376465
2160.0	1479.0	-39.49732208251953	-4.4581828117370605
2160.0	1484.0	-36.222991943359375	-6.520529270172119
2160.0	1490.0	-37.83159637451172	0.7237679958343506
2160.0	1491.0	-38.5275764465332	-10.963384628295898
2160.0	1492.0	-37.03302001953125	-7.653017044067383
2184.0	0.0	-38.05419158935547	-4.4063544273376465
2184.0	1479.0	-39.52354049682617	-4.4042181968688965
2184.0	1484.0	-36.14479064941406	-6.407008171081543
2184.0	1490.0	-37.829994201660156	0.7177041172981262
2184.0	1491.0	-38.18153381347656	-9.682636260986328
2184.0	1492.0	-37.132381439208984	-7.6139445304870605
2208.0	0.0	-38.05414962768555	-4.406352996826172
2208.0	1479.0	-39.71149826049805	-4.411257743835449
2208.0	1490.0	-37.82997512817383	0.7257028222084045
2208.0	1491.0	-37.72203826904297	-9.65822696685791
2208.0	1492.0	-37.7806510925293	-5.492984771728516
2232.0	0.0	-38.05411911010742	-4.406351566314697
2232.0	1479.0	-39.797977447509766	-4.369058132171631
2232.0	1490.0	-37.82697296142578	0.7138321399688721
2232.0	1491.0	-37.80086898803711	-5.325973033905029
2232.0	1493.0	-40.48956298828125	-5.169419288635254
2256.0	0.0	-38.05410385131836	-4.406351089477539
2256.0	1479.0	-39.9478645324707	-4.252213478088379
2256.0	1490.0	-37.838260650634766	0.7080714702606201
2256.0	1491.0	-37.60988998413086	-5.259483814239502
2256.0	1493.0	-40.340965270996094	-5.181575298309326
2280.0	0.0	-38.05416488647461	-4.40635347366333
2280.0	1479.0	-40.05049133300781	-4.163039207458496
2280.0	1490.0	-37.832496643066406	0.7158165574073792
2280.0	1491.0	-37.41079330444336	-5.185721397399902
2280.0	1493.0	-40.20809555053711	-5.18742036819458
2280.0	1494.0	-37.83509063720703	-6.921365737915039
2304.0	0.0	-38.05414962768555	-4.406352996826172
2304.0	1479.0	-40.20843505859375	-4.211253643035889
2304.0	1490.0	-37.81781768798828	0.717418909072876
2304.0	1493.0	-39.99968338012695	-5.141189098358154
2304.0	1494.0	-37.93227767944336	-6.7479658126831055
2304.0	1495.0	-36.58839416503906	-10.840719223022461
2328.0	0.0	-38.05410385131836	-4.406351089477539
2328.0	1479.0	-40.35293197631836	-4.216775417327881
2328.0	1490.0	-37.82419967651367	0.6510877013206482
2328.0	1493.0	-39.909706115722656	-5.1500420570373535
2328.0	1494.0	-37.99068069458008	-6.639110565185547
2328.0	1495.0	-36.538291931152344	-10.82712459564209
2328.0	1496.0	-41.219451904296875	-4.70746374130249
2352.0	0.0	-38.05406188964844	-4.406349182128906
2352.0	1479.0	-41.111324310302734	-4.114086627960205
2352.0	1490.0	-37.866939544677734	0.30746567249298096
2352.0	1493.0	-39.49368667602539	-5.03732442855835
2352.0	1494.0	-38.51053237915039	-10.960700035095215
2352.0	1496.0	-41.223514556884766	-4.74609899520874
2352.0	1499.0	-36.41835403442383	-10.797635078430176
2376.0	0.0	-38.054134368896484	-4.4063520431518555
2376.0	1464.0	-37.577632904052734	-2.837362289428711
2376.0	1479.0	-41.125064849853516	-4.099611282348633
2376.0	1490.0	-37.97275924682617	-2.6965482234954834
2376.0	1493.0	-39.30183410644531	-5.291467189788818
2376.0	1494.0	-39.20084762573242	-10.881622314453125
2376.0	1499.0	-36.198211669921875	-9.544615745544434
2376.0	1496.0	-41.214473724365234	-4.737488269805908
2400.0	0.0	-38.05414962768555	-4.406352519989014
2400.0	1464.0	-37.972740173339844	-2.384298801422119
2400.0	1479.0	-41.20943069458008	-4.104890823364258
2400.0	1493.0	-39.2368049621582	-5.67409086227417
2400.0	1494.0	-39.87017059326172	-10.700515747070312
2400.0	1499.0	-35.7796516418457	-9.134966850280762
2424.0	0.0	-38.0540885925293	-4.406350612640381
2424.0	1464.0	-38.118408203125	-1.938576340675354
2424.0	1479.0	-41.206642150878906	-4.077580451965332
2424.0	1494.0	-38.456382751464844	-5.404879570007324
2424.0	1499.0	-35.51694869995117	-8.985679626464844
2424.0	1502.0	-41.21763229370117	-4.725858211517334
2424.0	1503.0	-37.829437255859375	-1.905867338180542
2448.0	0.0	-38.054134368896484	-4.4063520431518555
2448.0	1464.0	-38.24214172363281	-1.6331411600112915
2448.0	1479.0	-41.201904296875	-4.0521240234375
2448.0	1494.0	-38.5462760925293	-5.269784450531006
2448.0	1499.0	-35.28103256225586	-8.957201957702637
2448.0	1502.0	-41.21867752075195	-4.735549449920654
2448.0	1503.0	-37.40342712402344	1.2728419303894043
2472.0	0.0	-38.05411911010742	-4.406351566314697
2472.0	1464.0	-38.35390853881836	-1.265105128288269
2472.0	1479.0	-41.20706558227539	-4.1014556884765625
2472.0	1494.0	-40.25586700439453	-6.959482192993164
2472.0	1502.0	-41.2259635925293	-4.723161697387695
2472.0	1503.0	-37.54270553588867	-0.9343487024307251
2472.0	1499.0	-35.251731872558594	-8.559523582458496
2472.0	1504.0	-38.97821807861328	-6.961996555328369
2496.0	0.0	-38.05414962768555	-4.406352519989014
2496.0	1464.0	-38.51717758178711	-0.931606650352478
2496.0	1479.0	-41.209529876708984	-4.128454208374023
2496.0	1503.0	-37.537906646728516	-1.4775713682174683
2496.0	1499.0	-35.492279052734375	-8.029635429382324
2496.0	1504.0	-39.02378845214844	-7.310257911682129
2520.0	0.0	-38.054134368896484	-4.4063520431518555
2520.0	1464.0	-38.56840133666992	-0.6116222143173218
2520.0	1503.0	-37.500511169433594	-1.7981237173080444
2520.0	1499.0	-35.57197570800781	-7.806169033050537
2520.0	1504.0	-39.91240692138672	-10.56801700592041
2520.0	1494.0	-39.01699447631836	-4.777336597442627
2544.0	0.0	-38.05414962768555	-4.406352519989014
2544.0	1464.0	-38.58253860473633	-0.29479852318763733
2544.0	1503.0	-37.45631790161133	-2.0927019119262695
2544.0	1499.0	-35.709869384765625	-7.884299278259277
2544.0	1504.0	-39.9951286315918	-10.544528007507324
2544.0	1494.0	-39.045997619628906	-4.711845874786377
2544.0	1479.0	-39.24565124511719	-4.313831329345703
2544.0	1505.0	-39.08325958251953	-4.505015850067139
2568.0	0.0	-38.054134368896484	-4.4063520431518555
2568.0	1464.0	-38.726806640625	0.028236720710992813
2568.0	1503.0	-37.49153518676758	-2.3343191146850586
2568.0	1499.0	-36.1479606628418	-7.65132999420166
2568.0	1504.0	-39.24516296386719	-7.885578155517578
2568.0	1494.0	-39.15278244018555	-4.537784576416016
2568.0	1479.0	-39.3625373840332	-4.306600570678711
2568.0	1505.0	-39.15668869018555	-4.499500274658203
2592.0	0.0	-38.05414962768555	-4.406352519989014
2592.0	1464.0	-38.923004150390625	0.4152456820011139
2592.0	1503.0	-37.524635314941406	-2.7216296195983887
2592.0	1499.0	-36.5528678894043	-7.317539691925049
2592.0	1504.0	-40.08694839477539	-10.508503913879395
2592.0	1494.0	-39.28076934814453	-4.501977920532227
2616.0	0.0	-38.05411911010742	-4.406351566314697
2616.0	1464.0	-39.072509765625	0.7145722508430481
2616.0	1503.0	-37.51933670043945	-3.0120043754577637
2616.0	1499.0	-36.85186767578125	-6.999265670776367
2616.0	1504.0	-40.074005126953125	-10.516940116882324
2616.0	1494.0	-39.3525276184082	-4.544388294219971
2616.0	1506.0	-39.420658111572266	-4.325358867645264
2640.0	0.0	-38.054134368896484	-4.4063520431518555
2640.0	1464.0	-39.2822151184082	0.966236412525177
2640.0	1503.0	-37.52143096923828	-3.2846031188964844
2640.0	1499.0	-37.19635009765625	-6.704093933105469
2640.0	1504.0	-40.2048454284668	-10.371434211730957
2640.0	1494.0	-39.48285675048828	-4.5306782722473145
2640.0	1506.0	-39.49723434448242	-4.315227031707764
2664.0	0.0	-38.05414962768555	-4.406352519989014
2664.0	1464.0	-39.61537170410156	1.3197232484817505
2664.0	1503.0	-37.5537109375	-3.616081953048706
2664.0	1499.0	-37.540191650390625	-6.31610107421875
2664.0	1504.0	-40.21812438964844	-9.667036056518555
2664.0	1494.0	-39.5595588684082	-4.460265159606934
2688.0	0.0	-38.05411911010742	-4.406351566314697
2688.0	1464.0	-39.5128173828125	0.24346685409545898
2688.0	1499.0	-37.70994186401367	-6.315277099609375
2688.0	1504.0	-40.233299255371094	-9.45975112915039
2688.0	1494.0	-39.69088363647461	-4.4304046630859375
2712.0	0.0	-38.05414962768555	-4.406352519989014
2712.0	1464.0	-39.572444915771484	0.08126427978277206
2712.0	1499.0	-37.841209411621094	-9.676007270812988
2712.0	1504.0	-38.63444137573242	-5.7350287437438965
2712.0	1494.0	-39.823516845703125	-4.434378147125244
2736.0	0.0	-38.054134368896484	-4.4063520431518555
2736.0	1499.0	-39.46736526489258	-10.81883716583252
2736.0	1494.0	-39.91197204589844	-4.454267501831055
2736.0	1504.0	-38.546592712402344	-5.55991792678833
2760.0	0.0	-38.05411911010742	-4.406351566314697
2760.0	1499.0	-40.235382080078125	-8.600725173950195
2760.0	1494.0	-40.02204895019531	-4.4566521644592285
2784.0	0.0	-38.054134368896484	-4.4063520431518555
2784.0	1499.0	-40.252540588378906	-6.777786731719971
2784.0	1494.0	-40.194557189941406	-4.391148090362549
2808.0	0.0	-38.05410385131836	-4.406351089477539
2808.0	1499.0	-39.232303619384766	-5.1562299728393555
2808.0	1494.0	-40.287723541259766	-4.323563575744629
2832.0	0.0	-38.05410385131836	-4.406351089477539
2832.0	1499.0	-39.50142288208008	-5.006394863128662
2832.0	1494.0	-40.52288055419922	-4.305751800537109
2856.0	0.0	-38.05411911010742	-4.406351566314697
2856.0	1499.0	-39.72399139404297	-4.961430549621582
2856.0	1494.0	-40.605323791503906	-4.343570232391357
2880.0	0.0	-38.05410385131836	-4.406351089477539
2880.0	1499.0	-39.982574462890625	-4.983476638793945
2880.0	1494.0	-40.74202346801758	-4.361313819885254
2880.0	1507.0	-36.526493072509766	-6.230937480926514
2904.0	0.0	-38.054134368896484	-4.4063520431518555
2904.0	1499.0	-40.32719802856445	-5.055014133453369
2904.0	1494.0	-40.938743591308594	-4.30733585357666
2904.0	1507.0	-36.448856353759766	-6.561872482299805
2928.0	0.0	-38.054134368896484	-4.4063520431518555
2928.0	1499.0	-40.65597152709961	-5.096445560455322
2928.0	1494.0	-41.107975006103516	-4.254985809326172
2928.0	1507.0	-36.36372756958008	-6.836108207702637
2952.0	0.0	-38.05414962768555	-4.406352519989014
2952.0	1499.0	-40.97636795043945	-5.1587982177734375
2952.0	1494.0	-41.22026062011719	-4.308058261871338
2952.0	1507.0	-36.33304214477539	-7.131945610046387
2976.0	0.0	-38.05411911010742	-4.406351566314697
2976.0	1499.0	-41.214359283447266	-5.1715192794799805
2976.0	1494.0	-41.22093963623047	-4.333128929138184
2976.0	1507.0	-36.36192321777344	-7.4740376472473145
3000.0	0.0	-38.05414962768555	-4.406352519989014
3000.0	1499.0	-41.213321685791016	-5.086535930633545
3000.0	1494.0	-41.219486236572266	-4.285278797149658
3000.0	1507.0	-36.322383880615234	-7.779166221618652
3024.0	0.0	-38.05414962768555	-4.406352519989014
3024.0	1494.0	-41.218650817871094	-4.265099048614502
3024.0	1507.0	-36.25956344604492	-8.094271659851074
3024.0	1499.0	-41.2142333984375	-5.032804012298584
3048.0	0.0	-38.05416488647461	-4.40635347366333
3048.0	1494.0	-41.21575164794922	-4.2919206619262695
3048.0	1507.0	-36.24159622192383	-8.373197555541992
3048.0	1499.0	-41.21836471557617	-5.000941753387451
3072.0	0.0	-38.05419158935547	-4.4063544273376465
3072.0	1494.0	-41.22058868408203	-4.317193984985352
3072.0	1507.0	-36.12351989746094	-8.673166275024414
3072.0	1499.0	-41.22492599487305	-4.9764509201049805
3096.0	0.0	-38.05420684814453	-4.406354904174805
3096.0	1494.0	-41.21855545043945	-4.315410137176514
3096.0	1507.0	-35.894691467285156	-8.870723724365234
3120.0	0.0	-38.05411911010742	-4.406351566314697
3120.0	1494.0	-41.22041702270508	-4.313690185546875
3120.0	1507.0	-35.583473205566406	-9.053627014160156
3120.0	1512.0	-41.22256851196289	-4.86592435836792
3144.0	0.0	-38.054176330566406	-4.406353950500488
3144.0	1494.0	-41.22112274169922	-4.340097904205322
3144.0	1507.0	-35.27798080444336	-8.922260284423828
3168.0	0.0	-38.0543098449707	-4.40635871887207
3168.0	1507.0	-35.22685623168945	-8.51414966583252
3168.0	1494.0	-41.2212028503418	-4.3370890617370605
3192.0	0.0	-38.054264068603516	-4.406357288360596
3192.0	1494.0	-41.21547317504883	-4.281829357147217
3216.0	0.0	-38.05429458618164	-4.406358242034912
3216.0	1494.0	-41.219688415527344	-4.286774158477783
3240.0	0.0	-38.05434036254883	-4.406359672546387
3240.0	1494.0	-41.21903991699219	-4.328588962554932
3240.0	1514.0	-41.22150421142578	-4.664135456085205
3240.0	1515.0	-36.57304763793945	-10.734378814697266
3264.0	0.0	-38.054264068603516	-4.406357288360596
3264.0	1494.0	-41.21925735473633	-4.3414692878723145
3264.0	1515.0	-36.63473892211914	-10.408309936523438
3264.0	1516.0	-35.85994338989258	-10.195497512817383
3288.0	0.0	-38.05427932739258	-4.406357765197754
3288.0	1517.0	-35.90570831298828	-9.889524459838867
3288.0	1515.0	-36.719905853271484	-10.069282531738281
3312.0	0.0	-38.05427932739258	-4.406357765197754
3312.0	1517.0	-35.94477081298828	-9.549717903137207
3312.0	1515.0	-36.72047805786133	-9.710330963134766
3336.0	0.0	-38.05429458618164	-4.406358242034912
3336.0	1510.0	-35.43790817260742	-7.438160419464111
3336.0	1517.0	-36.00133514404297	-9.167491912841797
3336.0	1515.0	-36.8096923828125	-9.375290870666504
3360.0	0.0	-38.05427932739258	-4.406357765197754
3360.0	1510.0	-35.237022399902344	-8.662079811096191
3360.0	1517.0	-37.21223068237305	-6.355950355529785
3360.0	1515.0	-36.870601654052734	-9.102987289428711
3384.0	0.0	-38.05427932739258	-4.406357765197754
3384.0	1510.0	-36.34465789794922	-8.484424591064453
3384.0	1515.0	-37.46037292480469	-6.611425876617432
3384.0	1518.0	-37.36074447631836	-9.054181098937988
3408.0	0.0	-38.0543098449707	-4.40635871887207
3408.0	1510.0	-36.95701217651367	-8.481078147888184
3408.0	1519.0	-41.21773910522461	-4.368255138397217
3408.0	1520.0	-36.42135238647461	-8.113139152526855
3432.0	0.0	-38.05429458618164	-4.406358242034912
3432.0	1510.0	-37.45783996582031	-8.41157341003418
3432.0	1520.0	-36.60565185546875	-7.751121520996094
3432.0	1521.0	-37.018646240234375	-8.226746559143066
3456.0	0.0	-38.05420684814453	-4.406354904174805
3456.0	1510.0	-37.79412841796875	-9.666155815124512
3456.0	1520.0	-36.71786117553711	-7.4274468421936035
3456.0	1521.0	-37.08537673950195	-7.967188835144043
3456.0	1522.0	-35.57444763183594	-7.7568535804748535
3480.0	0.0	-38.05414962768555	-4.406352996826172
3480.0	1510.0	-38.0709228515625	-9.672554969787598
3480.0	1520.0	-36.86674499511719	-7.202497482299805
3480.0	1521.0	-37.13322067260742	-7.764200210571289
3480.0	1522.0	-35.499332427978516	-7.952989101409912
3504.0	0.0	-38.05411911010742	-4.406351566314697
3504.0	1510.0	-38.49155044555664	-10.96199893951416
3504.0	1520.0	-36.94213104248047	-6.966646671295166
3504.0	1521.0	-37.15597152709961	-7.518987655639648
3504.0	1522.0	-36.428428649902344	-6.843461513519287
3504.0	1523.0	-37.55167007446289	-8.513931274414062
3528.0	0.0	-38.05414962768555	-4.406352996826172
3528.0	1510.0	-38.752716064453125	-10.935456275939941
3528.0	1520.0	-36.8904914855957	-6.699978828430176
3528.0	1522.0	-36.64775466918945	-6.614980220794678
3528.0	1521.0	-37.20077896118164	-7.252114295959473
3552.0	0.0	-38.0540885925293	-4.406350612640381
3552.0	1520.0	-36.963531494140625	-6.454975128173828
3552.0	1521.0	-37.286075592041016	-6.984866619110107
3552.0	1524.0	-37.6098518371582	-7.2473907470703125
3576.0	0.0	-38.05414962768555	-4.406352996826172
3576.0	1520.0	-37.030662536621094	-6.276264667510986
3576.0	1521.0	-37.319576263427734	-6.703714370727539
3576.0	1524.0	-37.80613327026367	-7.010171413421631
3576.0	1510.0	-39.091758728027344	-10.905861854553223
3600.0	0.0	-38.054134368896484	-4.4063520431518555
3600.0	1520.0	-37.04347229003906	-6.108145236968994
3600.0	1521.0	-37.39102554321289	-6.450966835021973
3600.0	1524.0	-37.96616744995117	-6.710322380065918
3600.0	1510.0	-38.41337585449219	-6.429094314575195
3624.0	0.0	-38.0540885925293	-4.406350612640381
3624.0	1520.0	-36.99419021606445	-6.016524791717529
3624.0	1521.0	-37.498111724853516	-6.210977077484131
3624.0	1524.0	-38.53855895996094	-10.962566375732422
3624.0	1510.0	-38.40555191040039	-5.995663642883301
3648.0	0.0	-38.05406188964844	-4.4063496589660645
3648.0	1520.0	-37.03459930419922	-5.93027925491333
3648.0	1521.0	-37.54970932006836	-6.027040004730225
3648.0	1524.0	-38.59221649169922	-6.518538951873779
3672.0	0.0	-38.0540771484375	-4.406350135803223
3672.0	1520.0	-37.11363983154297	-5.822135925292969
3672.0	1521.0	-37.55698776245117	-5.978259086608887
3672.0	1524.0	-39.01441955566406	-5.933165073394775
3672.0	1525.0	-39.663639068603516	-9.604008674621582
3696.0	0.0	-38.05411911010742	-4.406351566314697
3696.0	1520.0	-37.146968841552734	-5.717129707336426
3696.0	1521.0	-37.61048889160156	-5.964226722717285
3696.0	1524.0	-40.25613784790039	-5.716040134429932
3696.0	1525.0	-40.232540130615234	-8.525191307067871
3720.0	0.0	-38.0540885925293	-4.406350612640381
3720.0	1520.0	-37.12013626098633	-5.632639408111572
3720.0	1521.0	-37.65871047973633	-5.948278427124023
3720.0	1524.0	-39.51667022705078	-4.632645606994629
3720.0	1525.0	-40.254669189453125	-6.672282695770264
3720.0	1530.0	-37.96003341674805	-5.991544723510742
3744.0	0.0	-38.05420684814453	-4.406354904174805
3744.0	1520.0	-37.146236419677734	-5.625607490539551
3744.0	1521.0	-37.77179718017578	-5.8310866355896
3744.0	1524.0	-39.64027404785156	-4.432032585144043
3744.0	1525.0	-40.245994567871094	-5.8742475509643555
3744.0	1530.0	-38.52598190307617	-10.963496208190918
3768.0	0.0	-38.05414962768555	-4.406352519989014
3768.0	1520.0	-37.17534255981445	-5.636645317077637
3768.0	1521.0	-37.86460494995117	-5.704036712646484
3768.0	1524.0	-39.91035461425781	-4.372730731964111
3768.0	1525.0	-40.25503921508789	-5.521116256713867
3768.0	1530.0	-39.33220672607422	-10.849106788635254
3792.0	0.0	-38.05425262451172	-4.406356334686279
3792.0	1520.0	-37.29171371459961	-5.601945400238037
3792.0	1521.0	-37.71776580810547	-9.654081344604492
3792.0	1524.0	-40.12428665161133	-4.2875165939331055
3792.0	1525.0	-40.05257034301758	-5.138314247131348
3792.0	1530.0	-40.24069595336914	-9.384328842163086
3816.0	0.0	-38.05429458618164	-4.406358242034912
3816.0	1520.0	-37.45183181762695	-5.449179649353027
3816.0	1521.0	-38.638179779052734	-10.950592041015625
3816.0	1524.0	-40.333702087402344	-4.234382152557373
3816.0	1525.0	-40.200523376464844	-5.037719249725342
3816.0	1530.0	-40.218017578125	-7.025973320007324
3840.0	0.0	-38.05425262451172	-4.406356334686279
3840.0	1520.0	-37.63022232055664	-5.281736850738525
3840.0	1521.0	-39.79420471191406	-10.147571563720703
3840.0	1524.0	-40.584468841552734	-4.227904796600342
3840.0	1530.0	-39.259647369384766	-5.237170219421387
3840.0	1525.0	-39.32447052001953	-4.756376266479492
3864.0	0.0	-38.05420684814453	-4.406354904174805
3864.0	1520.0	-37.820098876953125	-5.169119358062744
3864.0	1521.0	-38.518001556396484	-5.192477226257324
3864.0	1524.0	-40.841522216796875	-4.170155048370361
3864.0	1530.0	-39.396934509277344	-5.037096977233887
3864.0	1525.0	-39.48958206176758	-4.701667308807373
3888.0	0.0	-38.05414962768555	-4.406352996826172
3888.0	1520.0	-37.98576354980469	-5.1020402908325195
3888.0	1521.0	-38.75355911254883	-5.079422950744629
3888.0	1524.0	-39.7047233581543	-4.292731761932373
3888.0	1530.0	-38.975181579589844	-4.648775100708008
3912.0	0.0	-38.054176330566406	-4.406353950500488
3912.0	1520.0	-38.192222595214844	-5.093356132507324
3912.0	1521.0	-38.907508850097656	-4.814326763153076
3912.0	1524.0	-39.86752700805664	-4.286124229431152
3912.0	1530.0	-38.97260284423828	-4.514030933380127
3936.0	0.0	-38.05419158935547	-4.4063544273376465
3936.0	1520.0	-38.376434326171875	-5.040164947509766
3936.0	1521.0	-38.94185256958008	-4.591467380523682
3960.0	0.0	-38.05414962768555	-4.406352996826172
3960.0	1520.0	-38.52544403076172	-4.993582725524902
3960.0	1521.0	-39.00123596191406	-4.461642265319824
3984.0	0.0	-38.05425262451172	-4.406356334686279
3984.0	1520.0	-38.60112762451172	-4.891397953033447
3984.0	1521.0	-39.08684158325195	-4.373661041259766
4008.0	0.0	-38.05425262451172	-4.406356334686279
4008.0	1520.0	-38.730186462402344	-4.845160007476807
4008.0	1521.0	-39.1092529296875	-4.349175930023193
4032.0	0.0	-38.05420684814453	-4.406354904174805
4032.0	1520.0	-38.79963302612305	-4.890372276306152
4032.0	1521.0	-39.19546127319336	-4.297590255737305
4056.0	0.0	-38.05420684814453	-4.406354904174805
4056.0	1520.0	-38.87125015258789	-4.837581634521484
4056.0	1521.0	-39.40509033203125	-4.172873497009277
4080.0	0.0	-38.054222106933594	-4.406355381011963
4080.0	1520.0	-38.88388442993164	-4.8281450271606445
4080.0	1521.0	-39.394744873046875	-3.9986815452575684
4080.0	1533.0	-39.177310943603516	-4.564493179321289
4104.0	0.0	-38.054134368896484	-4.4063520431518555
4104.0	1520.0	-38.76103591918945	-4.682590007781982
4104.0	1521.0	-39.45100021362305	-3.944305658340454
4104.0	1533.0	-38.95995330810547	-4.518588542938232
4104.0	1534.0	-41.210994720458984	-4.170554161071777
4128.0	0.0	-38.05410385131836	-4.406351089477539
4128.0	1520.0	-38.84435272216797	-4.620987892150879
4128.0	1521.0	-39.554622650146484	-3.9627580642700195
4128.0	1533.0	-38.82077407836914	-4.504601001739502
4152.0	0.0	-38.054222106933594	-4.406355381011963
4152.0	1520.0	-39.01561737060547	-4.683791160583496
4152.0	1521.0	-39.660301208496094	-4.025649547576904
4152.0	1533.0	-38.99091720581055	-4.522397041320801
4176.0	0.0	-38.054237365722656	-4.406355857849121
4176.0	1520.0	-39.27721405029297	-4.7422194480896
4176.0	1521.0	-39.144771575927734	-4.211368083953857
4176.0	1533.0	-39.103515625	-4.546124458312988
4200.0	0.0	-38.054237365722656	-4.406355857849121
4200.0	1520.0	-39.436546325683594	-4.704322338104248
4200.0	1521.0	-39.22685623168945	-4.190273761749268
4200.0	1533.0	-39.267433166503906	-4.574070453643799
4224.0	0.0	-38.054134368896484	-4.4063520431518555
4224.0	1520.0	-39.38469314575195	-4.580604553222656
4224.0	1521.0	-39.385013580322266	-4.205883979797363
4248.0	0.0	-38.05411911010742	-4.406351566314697
4248.0	1521.0	-39.523948669433594	-4.165497303009033
4272.0	0.0	-38.05411911010742	-4.406351566314697
4272.0	1521.0	-40.09681701660156	-4.0564398765563965
4272.0	1520.0	-39.6190299987793	-4.612987518310547
4296.0	0.0	-38.0540885925293	-4.406350612640381
4296.0	1521.0	-39.860694885253906	-4.2013092041015625
4296.0	1520.0	-39.80326843261719	-4.615947246551514
4320.0	0.0	-38.05410385131836	-4.406351089477539
4320.0	1521.0	-40.001129150390625	-4.2345967292785645
4320.0	1520.0	-39.959712982177734	-4.658293724060059
4344.0	0.0	-38.05401611328125	-4.406347751617432
4344.0	1521.0	-40.554073333740234	-4.13677453994751
4344.0	1520.0	-40.24264144897461	-4.7525434494018555
4368.0	0.0	-38.054046630859375	-4.406349182128906
4368.0	1521.0	-40.589786529541016	-4.064377784729004
4368.0	1520.0	-40.37350082397461	-4.835331916809082
