96.0	0.0	-26.43031883239746	202.0885009765625
120.0	0.0	-26.43031883239746	202.0885009765625
144.0	0.0	-26.43031883239746	202.0885009765625
168.0	0.0	-26.430316925048828	202.08848571777344
168.0	1937.0	12.270708084106445	207.6742401123047
168.0	1938.0	-50.08344650268555	210.50238037109375
168.0	1939.0	-50.01938247680664	205.5908203125
192.0	0.0	-26.430309295654297	202.08839416503906
192.0	1937.0	-25.01197052001953	201.57640075683594
192.0	1938.0	-50.0906982421875	210.4818878173828
192.0	1939.0	-50.01421356201172	205.5988006591797
216.0	0.0	-26.43030548095703	202.08834838867188
216.0	1937.0	-25.344261169433594	200.78863525390625
216.0	1938.0	-49.45634460449219	210.25894165039062
216.0	1939.0	-49.991580963134766	205.6959991455078
216.0	1941.0	4.270780086517334	186.6708526611328
240.0	0.0	-26.430301666259766	202.08831787109375
240.0	1937.0	-20.62590217590332	188.48463439941406
240.0	1938.0	-33.2386589050293	204.5120391845703
240.0	1939.0	-49.98326110839844	205.64620971679688
240.0	1941.0	inf	inf
264.0	0.0	-26.4302978515625	202.08827209472656
264.0	1937.0	-26.15211296081543	200.11207580566406
264.0	1938.0	-33.24625015258789	204.508544921875
264.0	1939.0	-49.987281799316406	205.723876953125
288.0	0.0	-26.4302921295166	202.0882110595703
288.0	1937.0	-26.42769432067871	199.70858764648438
288.0	1938.0	-33.06024932861328	204.44064331054688
288.0	1939.0	-50.001747131347656	205.6287384033203
312.0	0.0	-26.43028450012207	202.088134765625
312.0	1937.0	-26.656089782714844	199.24148559570312
312.0	1938.0	-32.95833206176758	204.39285278320312
312.0	1939.0	-49.973655700683594	205.78558349609375
336.0	0.0	-26.4302978515625	202.0882568359375
336.0	1937.0	-26.884885787963867	198.76976013183594
336.0	1938.0	-32.94340896606445	204.36309814453125
336.0	1939.0	-49.95674514770508	206.03683471679688
360.0	0.0	-26.430313110351562	202.08843994140625
360.0	1937.0	-27.139528274536133	198.3069610595703
360.0	1938.0	-32.9171028137207	204.3047332763672
360.0	1939.0	-49.89842987060547	206.16860961914062
384.0	0.0	-26.430313110351562	202.08843994140625
384.0	1937.0	-27.256622314453125	198.00790405273438
384.0	1938.0	-32.8329963684082	204.23513793945312
384.0	1939.0	-49.91992950439453	206.18251037597656
408.0	0.0	-26.430326461791992	202.08856201171875
408.0	1937.0	-27.53341293334961	197.4938507080078
408.0	1938.0	-32.78632736206055	204.14691162109375
408.0	1939.0	-49.9374885559082	206.1272735595703
408.0	1944.0	-26.691682815551758	197.43661499023438
432.0	0.0	-26.430328369140625	202.08859252929688
432.0	1937.0	-27.671960830688477	196.99453735351562
432.0	1939.0	-49.89593505859375	206.25115966796875
432.0	1944.0	-26.87275505065918	196.98049926757812
456.0	0.0	-26.43032455444336	202.0885467529297
456.0	1937.0	-27.781631469726562	196.61578369140625
456.0	1939.0	-33.37153244018555	203.35015869140625
456.0	1944.0	-27.00661849975586	196.49502563476562
480.0	0.0	-26.430320739746094	202.08853149414062
480.0	1937.0	-28.03066635131836	196.1554718017578
480.0	1939.0	-49.892723083496094	206.1094207763672
480.0	1944.0	-27.211395263671875	196.01141357421875
504.0	0.0	-26.430320739746094	202.08853149414062
504.0	1939.0	-33.472381591796875	203.210693359375
504.0	1945.0	-33.1446533203125	203.96246337890625
528.0	0.0	-26.43033218383789	202.08863830566406
528.0	1939.0	-50.06700897216797	205.31240844726562
528.0	1945.0	-33.215003967285156	203.9024200439453
552.0	0.0	-26.43033790588379	202.0886993408203
552.0	1939.0	-50.07353591918945	205.26426696777344
552.0	1945.0	-33.23152160644531	203.93344116210938
576.0	0.0	-26.430328369140625	202.08859252929688
576.0	1939.0	-50.018333435058594	205.5171356201172
576.0	1945.0	-33.20576858520508	203.9816436767578
600.0	0.0	-26.43031883239746	202.0885009765625
600.0	1939.0	-33.58073806762695	203.2039337158203
600.0	1945.0	-33.20491409301758	204.0140380859375
624.0	0.0	-26.43031120300293	202.08840942382812
624.0	1939.0	-49.98809814453125	205.7953338623047
624.0	1945.0	-33.22744369506836	204.02244567871094
648.0	0.0	-26.43031120300293	202.08840942382812
648.0	1939.0	-49.96464538574219	205.7927703857422
648.0	1945.0	-33.165714263916016	204.0200958251953
672.0	0.0	-26.430307388305664	202.08836364746094
672.0	1939.0	-33.65644454956055	203.22434997558594
672.0	1945.0	-33.14825439453125	204.01564025878906
696.0	0.0	-26.430307388305664	202.08837890625
696.0	1939.0	-49.99079513549805	205.7780303955078
696.0	1945.0	-33.08319854736328	204.0102996826172
696.0	1946.0	-25.14408302307129	195.6546630859375
720.0	0.0	-26.430320739746094	202.08853149414062
720.0	1939.0	-33.662689208984375	203.23634338378906
720.0	1945.0	-33.03355407714844	204.00941467285156
720.0	1946.0	-25.06801986694336	196.01231384277344
744.0	0.0	-26.43031120300293	202.08840942382812
744.0	1939.0	-49.985660552978516	205.7855224609375
744.0	1945.0	-32.971492767333984	203.98634338378906
744.0	1946.0	-25.077041625976562	196.42266845703125
744.0	1947.0	-25.56861114501953	196.32737731933594
744.0	1948.0	-26.18998908996582	195.48184204101562
744.0	1949.0	-24.485340118408203	196.49928283691406
744.0	1950.0	-27.014907836914062	195.48533630371094
768.0	0.0	-26.430313110351562	202.08843994140625
768.0	1939.0	-49.98930358886719	205.7366943359375
768.0	1945.0	-32.927757263183594	203.9720458984375
768.0	1946.0	-25.024749755859375	196.71197509765625
768.0	1947.0	-25.524120330810547	196.61376953125
768.0	1949.0	-24.445045471191406	196.73345947265625
768.0	1950.0	-26.94485092163086	195.83853149414062
792.0	0.0	-26.430326461791992	202.0885772705078
792.0	1939.0	-33.68318176269531	203.2220001220703
792.0	1945.0	-32.98799133300781	203.9799041748047
792.0	1946.0	-25.006305694580078	197.02999877929688
792.0	1949.0	-24.367633819580078	197.04705810546875
792.0	1950.0	-26.923099517822266	196.2193145751953
816.0	0.0	-26.430330276489258	202.088623046875
816.0	1939.0	-33.659244537353516	203.21983337402344
816.0	1945.0	-32.98363494873047	203.9878387451172
816.0	1946.0	-24.890188217163086	197.349365234375
816.0	1950.0	-26.85944938659668	196.53282165527344
816.0	1952.0	-25.379661560058594	197.25628662109375
816.0	1949.0	-23.903919219970703	196.429931640625
840.0	0.0	-26.430328369140625	202.08859252929688
840.0	1939.0	-50.00349807739258	205.74794006347656
840.0	1945.0	-33.00645065307617	204.00958251953125
840.0	1946.0	-24.826261520385742	197.67153930664062
840.0	1952.0	-25.356658935546875	197.52386474609375
840.0	1949.0	-23.799785614013672	196.73260498046875
840.0	1953.0	-25.803590774536133	196.772216796875
864.0	0.0	-26.430343627929688	202.08876037597656
864.0	1939.0	-33.646751403808594	203.2092742919922
864.0	1945.0	-32.99867248535156	204.00074768066406
864.0	1946.0	-24.684309005737305	197.97894287109375
864.0	1952.0	-25.05864143371582	196.91221618652344
864.0	1950.0	-26.665729522705078	197.1450958251953
864.0	1953.0	-25.713815689086914	197.118896484375
864.0	1955.0	-23.635799407958984	197.11260986328125
888.0	0.0	-26.430339813232422	202.08872985839844
888.0	1939.0	-33.63738250732422	203.2044219970703
888.0	1945.0	-32.99286651611328	204.00634765625
888.0	1946.0	-24.59524917602539	198.287109375
888.0	1952.0	-24.97119140625	197.21107482910156
888.0	1953.0	-25.598031997680664	197.40280151367188
888.0	1957.0	-22.597936630249023	197.335693359375
912.0	0.0	-26.430339813232422	202.08872985839844
912.0	1939.0	-49.99892807006836	205.726318359375
912.0	1945.0	-33.01272201538086	203.995361328125
912.0	1946.0	-24.614429473876953	198.6221466064453
912.0	1952.0	-24.88031005859375	197.55511474609375
912.0	1953.0	-25.601516723632812	197.7193145751953
912.0	1957.0	-22.627260208129883	197.67904663085938
912.0	1950.0	-26.213829040527344	197.628662109375
912.0	1958.0	-23.519672393798828	197.82412719726562
936.0	0.0	-26.430347442626953	202.08880615234375
936.0	1939.0	-33.685672760009766	203.20632934570312
936.0	1945.0	-33.019161224365234	204.0162811279297
936.0	1946.0	-24.389110565185547	198.92230224609375
936.0	1952.0	-24.787240982055664	197.80587768554688
936.0	1953.0	-25.52809715270996	197.95068359375
936.0	1950.0	-26.035554885864258	197.8779296875
936.0	1959.0	-26.574535369873047	197.71585083007812
936.0	1960.0	-27.28797721862793	195.95700073242188
936.0	1957.0	-22.645017623901367	197.99569702148438
960.0	0.0	-26.430349349975586	202.0888214111328
960.0	1939.0	-33.672977447509766	203.20985412597656
960.0	1945.0	-33.01108169555664	204.015380859375
960.0	1946.0	-24.249662399291992	199.2452392578125
960.0	1952.0	-24.74056053161621	198.0637664794922
960.0	1953.0	-25.51519203186035	198.34017944335938
960.0	1950.0	-26.018733978271484	198.2654571533203
960.0	1959.0	-26.533382415771484	197.9967041015625
960.0	1960.0	-27.151315689086914	196.3437957763672
984.0	0.0	-26.430355072021484	202.08888244628906
984.0	1939.0	-49.99718475341797	205.7121124267578
984.0	1945.0	-33.01205062866211	204.01219177246094
984.0	1946.0	-24.2622127532959	199.59115600585938
984.0	1952.0	-24.675790786743164	198.4083251953125
984.0	1953.0	-25.419048309326172	198.63067626953125
984.0	1950.0	-25.912721633911133	198.5329132080078
984.0	1959.0	-26.49650001525879	197.24807739257812
984.0	1960.0	-27.092376708984375	196.6143341064453
984.0	1961.0	-22.385356903076172	198.5559539794922
1008.0	0.0	-26.430355072021484	202.0888671875
1008.0	1939.0	-50.0119514465332	205.74513244628906
1008.0	1945.0	-33.01272201538086	204.02410888671875
1008.0	1946.0	-24.167041778564453	199.91598510742188
1008.0	1952.0	-24.582494735717773	198.65963745117188
1008.0	1953.0	-25.394861221313477	199.00454711914062
1008.0	1950.0	-25.84676742553711	198.86170959472656
1008.0	1959.0	-26.355266571044922	198.4582061767578
1008.0	1960.0	-27.04265785217285	196.8070526123047
1032.0	0.0	-26.430349349975586	202.08883666992188
1032.0	1939.0	-49.987335205078125	205.75006103515625
1032.0	1946.0	-24.137928009033203	200.2043914794922
1032.0	1952.0	-24.518077850341797	198.98521423339844
1032.0	1953.0	-25.28494644165039	199.29714965820312
1032.0	1950.0	-25.775070190429688	198.8591766357422
1032.0	1959.0	-26.30207061767578	197.82742309570312
1032.0	1960.0	-26.899126052856445	197.23812866210938
1032.0	1945.0	-33.03073501586914	204.01235961914062
1032.0	1962.0	-24.334028244018555	199.78948974609375
1056.0	0.0	-26.430355072021484	202.0888671875
1056.0	1946.0	-24.13424301147461	200.4628143310547
1056.0	1952.0	-24.517061233520508	199.21624755859375
1056.0	1953.0	-25.25495147705078	199.5347900390625
1056.0	1950.0	-25.80575180053711	199.11390686035156
1056.0	1959.0	-26.256662368774414	197.47447204589844
1056.0	1960.0	-26.815893173217773	197.4194793701172
1056.0	1963.0	-33.15778350830078	205.12515258789062
1056.0	1962.0	-23.445894241333008	199.0387420654297
1080.0	0.0	-26.43035316467285	202.08885192871094
1080.0	1946.0	-23.99855613708496	200.853515625
1080.0	1952.0	-24.33989906311035	199.51028442382812
1080.0	1953.0	-25.148632049560547	199.9033660888672
1080.0	1950.0	-25.668455123901367	199.5149383544922
1080.0	1959.0	-26.115983963012695	197.7401885986328
1080.0	1960.0	-26.82358169555664	196.68397521972656
1080.0	1963.0	-28.647249221801758	200.91261291503906
1080.0	1962.0	-23.392290115356445	199.32321166992188
1080.0	1964.0	-33.706626892089844	203.21484375
1080.0	1965.0	-24.108564376831055	200.4264678955078
1104.0	0.0	-26.430355072021484	202.08888244628906
1104.0	1946.0	-24.006874084472656	201.08912658691406
1104.0	1952.0	-24.311885833740234	199.86724853515625
1104.0	1953.0	-25.133703231811523	200.1896514892578
1104.0	1950.0	-25.694644927978516	199.85594177246094
1104.0	1959.0	-26.037424087524414	197.95521545410156
1104.0	1960.0	-26.766517639160156	197.06689453125
1104.0	1963.0	-29.150371551513672	199.65879821777344
1104.0	1964.0	-49.996273040771484	205.74374389648438
1104.0	1965.0	-24.139406204223633	200.63829040527344
1128.0	0.0	-26.430347442626953	202.08880615234375
1128.0	1946.0	-23.981901168823242	201.39952087402344
1128.0	1952.0	-24.199440002441406	200.16848754882812
1128.0	1953.0	-25.015417098999023	200.4413299560547
1128.0	1950.0	-25.67092514038086	200.15231323242188
1128.0	1959.0	-25.921796798706055	198.2919464111328
1128.0	1960.0	-26.725542068481445	197.37274169921875
1128.0	1963.0	-29.52690887451172	198.38035583496094
1128.0	1964.0	-49.99366760253906	205.7347412109375
1128.0	1965.0	-23.006912231445312	200.1976318359375
1128.0	1966.0	-33.02051544189453	204.02584838867188
1152.0	0.0	-26.430347442626953	202.08880615234375
1152.0	1946.0	-23.81470489501953	201.67869567871094
1152.0	1952.0	-24.131561279296875	200.45614624023438
1152.0	1953.0	-25.012096405029297	200.5896759033203
1152.0	1950.0	-25.594329833984375	200.49729919433594
1152.0	1959.0	-25.8621768951416	198.58949279785156
1152.0	1960.0	-26.734716415405273	197.7501220703125
1152.0	1964.0	-33.68583297729492	203.2183380126953
1152.0	1965.0	-23.105043411254883	200.52316284179688
1152.0	1966.0	-33.070640563964844	204.01113891601562
1176.0	0.0	-26.43035125732422	202.08883666992188
1176.0	1946.0	-23.693254470825195	201.93197631835938
1176.0	1952.0	-24.091989517211914	200.84544372558594
1176.0	1953.0	-24.912647247314453	200.93138122558594
1176.0	1950.0	-25.526151657104492	200.88973999023438
1176.0	1959.0	-25.721189498901367	198.9093780517578
1176.0	1960.0	-26.719026565551758	198.0797882080078
1176.0	1964.0	-33.74146270751953	203.23793029785156
1176.0	1965.0	-23.038591384887695	200.86598205566406
1176.0	1967.0	-25.347278594970703	199.64222717285156
1176.0	1966.0	-33.06769943237305	203.98516845703125
1200.0	0.0	-26.430356979370117	202.08889770507812
1200.0	1946.0	-23.646360397338867	202.18270874023438
1200.0	1952.0	-23.944072723388672	201.0876007080078
1200.0	1953.0	-24.912813186645508	201.14389038085938
1200.0	1950.0	-25.470983505249023	201.1450653076172
1200.0	1959.0	-25.593902587890625	199.1637420654297
1200.0	1960.0	-26.595731735229492	198.3370819091797
1200.0	1964.0	-33.70732879638672	203.22337341308594
1200.0	1965.0	-22.968793869018555	201.21788024902344
1200.0	1967.0	-25.13267707824707	199.91049194335938
1224.0	0.0	-26.430370330810547	202.08905029296875
1224.0	1946.0	-23.431936264038086	202.36972045898438
1224.0	1952.0	-24.615747451782227	201.57334899902344
1224.0	1953.0	-25.155202865600586	201.56980895996094
1224.0	1950.0	-25.395051956176758	201.45545959472656
1224.0	1959.0	-25.572654724121094	199.4999237060547
1224.0	1960.0	-26.512371063232422	198.66856384277344
1224.0	1964.0	-49.98777389526367	205.74757385253906
1224.0	1965.0	-23.100406646728516	201.5877685546875
1224.0	1967.0	-25.13021469116211	200.1883544921875
1224.0	1966.0	-33.071617126464844	203.8817901611328
1248.0	0.0	-26.430374145507812	202.08908081054688
1248.0	1946.0	-23.51946449279785	202.6343994140625
1248.0	1950.0	-25.371599197387695	201.83074951171875
1248.0	1959.0	-25.493738174438477	199.76853942871094
1248.0	1960.0	-26.491846084594727	198.9601593017578
1248.0	1964.0	-33.750553131103516	203.23204040527344
1248.0	1965.0	-22.962154388427734	201.9388427734375
1248.0	1967.0	-25.110933303833008	200.5283966064453
1248.0	1966.0	-33.066341400146484	203.8551483154297
1248.0	1968.0	-29.03403663635254	191.66908264160156
1272.0	0.0	-26.430377960205078	202.08914184570312
1272.0	1946.0	-23.215097427368164	202.9302978515625
1272.0	1950.0	-25.448102951049805	202.03346252441406
1272.0	1959.0	-25.46841812133789	200.08248901367188
1272.0	1960.0	-26.38776969909668	199.3338623046875
1272.0	1964.0	-33.719688415527344	203.2353057861328
1272.0	1967.0	-24.966129302978516	200.8291778564453
1296.0	0.0	-26.430377960205078	202.08914184570312
1296.0	1946.0	-25.30679702758789	202.4508819580078
1296.0	1959.0	-25.495637893676758	200.41421508789062
1296.0	1960.0	-26.310016632080078	199.59442138671875
1296.0	1964.0	-33.676029205322266	203.22976684570312
1296.0	1967.0	-24.98963165283203	201.04119873046875
1296.0	1970.0	-24.24858283996582	199.22930908203125
1296.0	1971.0	-25.19369125366211	202.31011962890625
1296.0	1972.0	-24.485177993774414	202.11155700683594
1320.0	0.0	-26.430370330810547	202.08905029296875
1320.0	1959.0	-25.529340744018555	200.69332885742188
1320.0	1960.0	-26.20873260498047	199.9287109375
1320.0	1964.0	-49.99275588989258	205.71534729003906
1320.0	1967.0	-24.945459365844727	201.3794708251953
1320.0	1971.0	-25.11885643005371	202.6684112548828
1320.0	1972.0	-24.430889129638672	202.31036376953125
1320.0	1970.0	-23.970861434936523	199.50094604492188
1344.0	0.0	-26.43035316467285	202.08885192871094
1344.0	1959.0	-25.415273666381836	200.9747314453125
1344.0	1960.0	-26.131820678710938	200.15811157226562
1344.0	1964.0	-50.02613830566406	205.43557739257812
1344.0	1967.0	-25.020963668823242	201.6307830810547
1344.0	1971.0	-24.97118377685547	202.99520874023438
1344.0	1972.0	-24.23166847229004	202.52569580078125
1368.0	0.0	-26.430339813232422	202.08871459960938
1368.0	1959.0	-25.393495559692383	201.1905059814453
1368.0	1960.0	-25.978174209594727	200.39028930664062
1368.0	1964.0	-50.11582946777344	205.12303161621094
1368.0	1967.0	-24.892166137695312	201.80291748046875
1368.0	1971.0	-24.9593563079834	203.4196014404297
1368.0	1972.0	-24.019203186035156	202.8583526611328
1368.0	1975.0	-25.482379913330078	200.77780151367188
1368.0	1976.0	-24.357786178588867	203.23336791992188
1368.0	1977.0	-26.055559158325195	198.5389862060547
1392.0	0.0	-26.430339813232422	202.08871459960938
1392.0	1959.0	-25.346139907836914	201.51675415039062
1392.0	1960.0	-25.91752815246582	200.69850158691406
1392.0	1964.0	-50.15711212158203	205.07852172851562
1392.0	1967.0	-24.615966796875	202.02847290039062
1392.0	1971.0	-24.777212142944336	203.7273406982422
1392.0	1972.0	-23.966598510742188	203.211669921875
1392.0	1977.0	-25.97235107421875	198.8453826904297
1392.0	1975.0	-24.755990982055664	200.20465087890625
1416.0	0.0	-26.430341720581055	202.0887451171875
1416.0	1959.0	-25.351205825805664	201.7388458251953
1416.0	1960.0	-25.869932174682617	200.9850616455078
1416.0	1964.0	-50.06987380981445	205.141845703125
1416.0	1967.0	-24.70632553100586	202.36325073242188
1416.0	1972.0	-23.901350021362305	203.5879364013672
1416.0	1977.0	-25.797035217285156	199.14454650878906
1416.0	1975.0	-24.695762634277344	200.5923309326172
1416.0	1978.0	-23.980119705200195	201.9595489501953
1440.0	0.0	-26.430339813232422	202.08871459960938
1440.0	1959.0	inf	inf
1440.0	1960.0	-25.82119369506836	201.26577758789062
1440.0	1964.0	-50.01920700073242	205.42822265625
1440.0	1967.0	-24.608320236206055	202.5899658203125
1440.0	1972.0	-23.80646514892578	203.9160919189453
1440.0	1977.0	-25.649581909179688	199.52845764160156
1440.0	1975.0	-24.735021591186523	200.96539306640625
1440.0	1979.0	-33.40018081665039	203.88221740722656
1464.0	0.0	-26.430341720581055	202.0887451171875
1464.0	1959.0	-25.042707443237305	202.2368927001953
1464.0	1960.0	-25.846220016479492	201.5292205810547
1464.0	1964.0	-50.06958770751953	205.2936553955078
1464.0	1967.0	-24.42719841003418	202.90492248535156
1464.0	1972.0	-23.706684112548828	204.33035278320312
1464.0	1977.0	-25.598413467407227	199.81643676757812
1464.0	1975.0	-24.551132202148438	201.3324737548828
1464.0	1979.0	-33.133602142333984	203.81092834472656
1464.0	1980.0	-23.815227508544922	201.49539184570312
1488.0	0.0	-26.430320739746094	202.08853149414062
1488.0	1959.0	-25.035295486450195	202.5184783935547
1488.0	1960.0	-25.771175384521484	201.86093139648438
1488.0	1964.0	-50.203670501708984	204.9243927001953
1488.0	1967.0	-25.071273803710938	202.8080596923828
1488.0	1972.0	-23.64883041381836	204.57888793945312
1488.0	1977.0	-25.458309173583984	200.11207580566406
1488.0	1975.0	-25.750703811645508	201.9309539794922
1488.0	1979.0	-33.01462936401367	203.77545166015625
1488.0	1981.0	-25.907251358032227	199.9705047607422
1488.0	1982.0	-26.068452835083008	197.79367065429688
1488.0	1980.0	-23.530620574951172	201.83367919921875
1512.0	0.0	-26.43031120300293	202.08840942382812
1512.0	1959.0	-24.9259090423584	202.80824279785156
1512.0	1960.0	-25.740415573120117	202.04307556152344
1512.0	1964.0	-33.666316986083984	202.89561462402344
1512.0	1967.0	-24.998693466186523	203.10134887695312
1512.0	1972.0	-23.468730926513672	204.92860412597656
1512.0	1977.0	-25.422529220581055	200.4501495361328
1512.0	1979.0	-33.00502014160156	203.77247619628906
1512.0	1981.0	-25.376996994018555	198.04808044433594
1512.0	1982.0	-26.035736083984375	198.01910400390625
1536.0	0.0	-26.430307388305664	202.08837890625
1536.0	1959.0	-25.66883659362793	202.55824279785156
1536.0	1960.0	-25.6217041015625	202.2348175048828
1536.0	1964.0	-50.58515167236328	204.69680786132812
1536.0	1967.0	-24.3159236907959	203.92330932617188
1536.0	1972.0	-24.501306533813477	204.15577697753906
1536.0	1977.0	-25.44117546081543	200.8770751953125
1536.0	1979.0	-32.99836730957031	203.7742462158203
1536.0	1981.0	-25.360427856445312	198.37680053710938
1536.0	1982.0	-24.96226692199707	187.95028686523438
1536.0	1985.0	-23.249305725097656	200.6539306640625
1560.0	0.0	-26.430295944213867	202.0882568359375
1560.0	1960.0	-25.56712532043457	202.6007537841797
1560.0	1964.0	-50.176979064941406	204.7794952392578
1560.0	1977.0	-25.3543758392334	201.21804809570312
1560.0	1979.0	-33.04365921020508	203.7745361328125
1560.0	1981.0	-25.26685333251953	198.49867248535156
1560.0	1982.0	-24.79145050048828	187.95913696289062
1560.0	1986.0	-22.70203399658203	201.6904296875
1560.0	1985.0	-23.24087142944336	201.02658081054688
1560.0	1987.0	-24.085308074951172	198.53733825683594
1560.0	1967.0	-25.64145851135254	202.8829345703125
1584.0	0.0	-26.430286407470703	202.08816528320312
1584.0	1960.0	-25.405057907104492	202.84075927734375
1584.0	1964.0	-50.149818420410156	204.8095703125
1584.0	1977.0	-25.415699005126953	201.43653869628906
1584.0	1979.0	-33.044376373291016	203.7877197265625
1584.0	1981.0	-25.3367862701416	198.7218475341797
1584.0	1982.0	-25.964506149291992	198.61376953125
1584.0	1986.0	-22.69903564453125	201.96060180664062
1584.0	1987.0	-24.102840423583984	198.92967224121094
1584.0	1988.0	-24.100452423095703	202.73020935058594
1584.0	1985.0	-23.179096221923828	201.2994384765625
1608.0	0.0	-26.43027687072754	202.0880584716797
1608.0	1964.0	-50.194332122802734	204.80030822753906
1608.0	1977.0	-25.313142776489258	201.8341827392578
1608.0	1979.0	-33.040977478027344	203.78477478027344
1608.0	1981.0	-25.366310119628906	199.02822875976562
1608.0	1982.0	-24.702808380126953	187.965576171875
1608.0	1986.0	-22.666105270385742	202.18524169921875
1608.0	1987.0	-24.066564559936523	199.43763732910156
1608.0	1988.0	-23.976743698120117	203.12484741210938
1632.0	0.0	-26.430267333984375	202.08795166015625
1632.0	1964.0	-50.248451232910156	204.81065368652344
1632.0	1977.0	-25.025882720947266	202.0738525390625
1632.0	1979.0	-33.03766632080078	203.78944396972656
1632.0	1981.0	-25.313337326049805	199.23501586914062
1632.0	1982.0	-24.657230377197266	187.98683166503906
1632.0	1987.0	-23.933731079101562	199.88278198242188
1632.0	1988.0	-23.82805824279785	203.4423065185547
1632.0	1989.0	-24.665061950683594	201.7811737060547
1656.0	0.0	-26.430273056030273	202.0880126953125
1656.0	1964.0	-50.19523239135742	204.7923126220703
1656.0	1977.0	-24.911792755126953	202.259765625
1656.0	1979.0	-31.27347755432129	203.3366241455078
1656.0	1981.0	-25.367473602294922	199.43113708496094
1656.0	1982.0	-24.261980056762695	188.0382843017578
1656.0	1987.0	-23.989816665649414	200.1577911376953
1656.0	1988.0	-23.723892211914062	203.7567901611328
1656.0	1989.0	-24.609737396240234	201.98025512695312
1680.0	0.0	-26.43027114868164	202.08799743652344
1680.0	1964.0	-50.20138168334961	204.8076934814453
1680.0	1977.0	-24.864288330078125	202.68438720703125
1680.0	1979.0	-33.039276123046875	203.7913055419922
1680.0	1981.0	-25.389698028564453	199.61793518066406
1680.0	1982.0	-25.897035598754883	199.48165893554688
1680.0	1987.0	-23.947343826293945	200.63246154785156
1680.0	1988.0	-23.69759750366211	204.16677856445312
1680.0	1989.0	-24.51144027709961	202.3577880859375
1704.0	0.0	-26.430269241333008	202.0879669189453
1704.0	1964.0	-50.183143615722656	204.7943115234375
1704.0	1977.0	-24.73407554626465	202.9819793701172
1704.0	1979.0	-33.05323791503906	203.78512573242188
1704.0	1981.0	-25.374664306640625	199.86087036132812
1704.0	1982.0	-23.104721069335938	188.36329650878906
1704.0	1987.0	-23.99320411682129	200.9158477783203
1704.0	1988.0	-24.952133178710938	203.3253936767578
1704.0	1989.0	-24.40595245361328	202.60655212402344
1704.0	1990.0	-26.041410446166992	192.32720947265625
1728.0	0.0	-26.43027114868164	202.08798217773438
1728.0	1964.0	-33.67262268066406	202.9103546142578
1728.0	1977.0	-24.56685447692871	203.35775756835938
1728.0	1979.0	-33.03554916381836	203.7736053466797
1728.0	1981.0	-25.37721824645996	200.10313415527344
1728.0	1982.0	-25.81801986694336	200.13189697265625
1728.0	1987.0	-23.953136444091797	201.27993774414062
1728.0	1989.0	-24.25879669189453	203.01646423339844
1728.0	1990.0	-25.939104080200195	192.6902618408203
1752.0	0.0	-26.43027687072754	202.08804321289062
1752.0	1964.0	-50.20946502685547	204.8062744140625
1752.0	1977.0	-24.563335418701172	203.71084594726562
1752.0	1979.0	-33.04191970825195	203.78109741210938
1752.0	1981.0	-25.277633666992188	200.2475128173828
1752.0	1982.0	-25.6776065826416	200.16781616210938
1752.0	1987.0	-23.885011672973633	201.58969116210938
1752.0	1989.0	-24.181434631347656	203.30630493164062
1752.0	1990.0	-25.880277633666992	192.99208068847656
1752.0	1993.0	-22.524450302124023	203.04519653320312
1776.0	0.0	-26.430282592773438	202.08811950683594
1776.0	1964.0	-33.68471908569336	202.910400390625
1776.0	1977.0	-24.49418067932129	204.07498168945312
1776.0	1979.0	-33.00400924682617	203.76797485351562
1776.0	1981.0	-25.227569580078125	200.4747772216797
1776.0	1982.0	-25.72098731994629	200.69223022460938
1776.0	1987.0	-23.94449234008789	201.9177703857422
1776.0	1989.0	-24.073415756225586	203.6466522216797
1776.0	1990.0	-25.780914306640625	193.37762451171875
1776.0	1995.0	-3.0837230682373047	195.15443420410156
1776.0	1993.0	-22.515222549438477	203.3948211669922
1776.0	1994.0	-22.136098861694336	202.90931701660156
1800.0	0.0	-26.4302978515625	202.08827209472656
1800.0	1964.0	-50.21407699584961	204.73056030273438
1800.0	1979.0	-33.067710876464844	203.78543090820312
1800.0	1981.0	-25.319013595581055	200.76182556152344
1800.0	1982.0	-25.384105682373047	200.73728942871094
1800.0	1987.0	-23.80276870727539	202.26698303222656
1800.0	1989.0	-24.048439025878906	204.0559844970703
1800.0	1990.0	-25.601482391357422	193.6863250732422
1800.0	1995.0	-0.6983414888381958	190.5602569580078
1824.0	0.0	-26.4302978515625	202.08827209472656
1824.0	1964.0	-50.20917510986328	204.7034912109375
1824.0	1979.0	-33.126399993896484	203.80613708496094
1824.0	1987.0	-23.660926818847656	202.51182556152344
1824.0	1989.0	-23.922964096069336	204.4104461669922
1824.0	1990.0	-25.559940338134766	194.18698120117188
1824.0	1995.0	5.259671211242676	184.81019592285156
1824.0	1982.0	-25.50860023498535	201.05076599121094
1848.0	0.0	-26.430301666259766	202.0883026123047
1848.0	1964.0	-33.68777847290039	202.88330078125
1848.0	1979.0	-33.12543869018555	203.80186462402344
1848.0	1987.0	-23.573469161987305	202.9691619873047
1848.0	1989.0	-23.80649757385254	204.78627014160156
1848.0	1990.0	-25.434900283813477	194.585205078125
1848.0	1982.0	11.762895584106445	176.4932403564453
1872.0	0.0	-26.43028450012207	202.088134765625
1872.0	1964.0	-50.195560455322266	204.71920776367188
1872.0	1979.0	-33.11589813232422	203.798583984375
1872.0	1987.0	-23.46318817138672	203.2528533935547
1872.0	1990.0	-25.333393096923828	195.01853942871094
1872.0	1982.0	-25.194637298583984	201.4969482421875
1872.0	2000.0	-25.1411075592041	201.05604553222656
1896.0	0.0	-26.430280685424805	202.0880889892578
1896.0	1964.0	-50.39859390258789	204.7653350830078
1896.0	1979.0	-33.12419509887695	203.80642700195312
1896.0	1987.0	-23.362850189208984	203.73475646972656
1896.0	1990.0	-25.244813919067383	195.41790771484375
1896.0	1982.0	-6.861927509307861	197.2209014892578
1896.0	2000.0	-25.019851684570312	201.04185485839844
1896.0	2001.0	-23.597244262695312	204.17628479003906
1920.0	0.0	-26.43029022216797	202.08819580078125
1920.0	1964.0	-50.39755630493164	204.75697326660156
1920.0	1979.0	-33.13728713989258	203.8118438720703
1920.0	1987.0	-23.39678192138672	204.2161102294922
1920.0	1990.0	-25.218463897705078	195.86781311035156
1920.0	1982.0	-8.43912410736084	202.0094757080078
1920.0	2000.0	-25.178335189819336	201.1610565185547
1920.0	2002.0	-21.68749237060547	204.07261657714844
1920.0	2003.0	-25.28152847290039	200.7079620361328
1944.0	0.0	-26.43028450012207	202.088134765625
1944.0	1964.0	-33.65463638305664	202.9095001220703
1944.0	1979.0	-33.17058563232422	203.83482360839844
1944.0	1987.0	-23.359874725341797	204.5048370361328
1944.0	1990.0	-25.164836883544922	196.23561096191406
1944.0	1982.0	-7.389583587646484	203.5399169921875
1944.0	2000.0	-25.1585750579834	201.14083862304688
1944.0	2002.0	-21.643177032470703	204.18748474121094
1944.0	2003.0	-3.0533599853515625	170.57484436035156
1968.0	0.0	-26.43028450012207	202.088134765625
1968.0	1964.0	-50.21733474731445	204.80667114257812
1968.0	1979.0	-33.18263244628906	203.8281707763672
1968.0	1987.0	-23.27497673034668	204.961181640625
1968.0	1990.0	-25.073949813842773	196.61660766601562
1968.0	1982.0	7.423371315002441	210.62193298339844
1968.0	2000.0	-24.92981719970703	200.96925354003906
1968.0	2002.0	-21.471202850341797	204.32730102539062
1968.0	2003.0	-6.70423698425293	171.48875427246094
1968.0	2004.0	-26.451622009277344	193.48397827148438
1992.0	0.0	-26.43027687072754	202.0880584716797
1992.0	1964.0	-50.23527908325195	204.78775024414062
1992.0	1979.0	-33.23347091674805	203.839111328125
1992.0	1987.0	-23.211254119873047	205.30555725097656
1992.0	1990.0	-25.11403465270996	196.89096069335938
1992.0	1982.0	-24.46159553527832	202.8006591796875
1992.0	2000.0	-24.936920166015625	200.90093994140625
1992.0	2003.0	-9.42684555053711	172.1639862060547
1992.0	2004.0	-26.33600616455078	193.76800537109375
2016.0	0.0	-26.430269241333008	202.0879669189453
2016.0	1964.0	-50.174068450927734	204.8044891357422
2016.0	1979.0	-33.221370697021484	203.83787536621094
2016.0	1987.0	-23.09222984313965	205.6494598388672
2016.0	1990.0	-25.142518997192383	197.21620178222656
2016.0	1982.0	-21.14152717590332	204.6830291748047
2016.0	2000.0	0.9554955363273621	177.17164611816406
2016.0	2003.0	-18.289588928222656	185.92721557617188
2016.0	2004.0	-26.236465454101562	194.0013885498047
2040.0	0.0	-26.43025779724121	202.08786010742188
2040.0	1964.0	-33.65000534057617	202.91427612304688
2040.0	1979.0	-33.25706481933594	203.84344482421875
2040.0	1990.0	-25.141218185424805	197.32394409179688
2040.0	1982.0	-21.160398483276367	204.8223876953125
2040.0	2000.0	0.6324062943458557	176.95594787597656
2040.0	2003.0	-18.666852951049805	186.06813049316406
2040.0	2004.0	-26.220064163208008	194.111572265625
2064.0	0.0	-26.430246353149414	202.08773803710938
2064.0	1964.0	-50.20051956176758	204.78001403808594
2064.0	1979.0	-33.22815704345703	203.82720947265625
2064.0	1990.0	-25.12567710876465	197.55442810058594
2064.0	1982.0	-21.003398895263672	205.23422241210938
2064.0	2000.0	4.881195545196533	168.40509033203125
2064.0	2004.0	-26.349321365356445	198.0991668701172
2088.0	0.0	-26.430238723754883	202.087646484375
2088.0	1964.0	-50.20431900024414	204.78121948242188
2088.0	1979.0	-33.24766159057617	203.83152770996094
2088.0	1990.0	-25.15717315673828	197.67221069335938
2088.0	1982.0	-21.088125228881836	205.650146484375
2088.0	2000.0	4.28253173828125	168.62771606445312
2088.0	2007.0	-26.229156494140625	198.6800994873047
2112.0	0.0	-26.430225372314453	202.08750915527344
2112.0	1964.0	-50.177120208740234	204.77685546875
2112.0	1979.0	-33.225948333740234	203.8354949951172
2112.0	1982.0	-21.197858810424805	206.31533813476562
2112.0	2000.0	-25.03670883178711	200.56808471679688
2112.0	2009.0	-25.983610153198242	195.30352783203125
2112.0	2007.0	-25.574565887451172	199.52215576171875
2136.0	0.0	-26.430198669433594	202.0872344970703
2136.0	1964.0	-50.17636489868164	204.7830352783203
2136.0	1979.0	-33.22787094116211	203.8437042236328
2136.0	1982.0	-21.22238540649414	207.16973876953125
2136.0	2000.0	-25.068824768066406	200.60345458984375
2136.0	2009.0	-25.915836334228516	195.77914428710938
2136.0	2010.0	-25.08167839050293	198.04405212402344
2160.0	0.0	-26.430191040039062	202.08714294433594
2160.0	1964.0	-33.639137268066406	202.9023895263672
2160.0	1979.0	-33.24228286743164	203.8675994873047
2160.0	2000.0	-25.114168167114258	200.66217041015625
2160.0	2009.0	-25.809444427490234	195.987060546875
2160.0	2010.0	-25.1224365234375	198.07676696777344
2160.0	2011.0	-24.13799285888672	200.79034423828125
2184.0	0.0	-26.430179595947266	202.08702087402344
2184.0	1964.0	-50.22495651245117	204.77227783203125
2184.0	1979.0	-33.23094940185547	203.89476013183594
2184.0	2000.0	-25.13208770751953	200.74136352539062
2184.0	2009.0	-25.67667007446289	196.15963745117188
2184.0	2010.0	-25.142772674560547	198.09762573242188
2184.0	2011.0	-23.762805938720703	201.3319091796875
2208.0	0.0	-26.430166244506836	202.08689880371094
2208.0	1964.0	-50.20159912109375	204.7689208984375
2208.0	1979.0	-33.230979919433594	203.8944549560547
2208.0	2000.0	-25.43309783935547	201.0533447265625
2208.0	2009.0	-25.896451950073242	197.8893280029297
2208.0	2010.0	-25.15329360961914	198.13047790527344
2208.0	2011.0	-9.083916664123535	197.17678833007812
2232.0	0.0	-26.43016242980957	202.08685302734375
2232.0	1964.0	-33.66324234008789	202.90225219726562
2232.0	1979.0	-33.21569061279297	203.96603393554688
2232.0	2000.0	3.474191665649414	182.0355682373047
2232.0	2009.0	-25.797849655151367	198.42562866210938
2232.0	2010.0	-25.347915649414062	198.58741760253906
2232.0	2011.0	-4.1755805015563965	206.83053588867188
2256.0	0.0	-26.43016242980957	202.08685302734375
2256.0	1964.0	-33.6772575378418	202.9028778076172
2256.0	1979.0	-33.24277877807617	204.0028839111328
2256.0	2000.0	-8.78898811340332	202.26657104492188
2256.0	2010.0	-25.33427619934082	198.8798828125
2256.0	2014.0	-24.093334197998047	197.4853057861328
2256.0	2015.0	-22.13277244567871	204.57803344726562
2280.0	0.0	-26.43017578125	202.08697509765625
2280.0	1964.0	-50.155208587646484	204.75999450683594
2280.0	1979.0	-33.21433639526367	203.9859619140625
2280.0	2000.0	-25.003864288330078	202.6455078125
2280.0	2010.0	-25.349889755249023	199.1938934326172
2280.0	2014.0	-23.886445999145508	197.8274688720703
2304.0	0.0	-26.430173873901367	202.08697509765625
2304.0	1964.0	-50.2398796081543	204.78004455566406
2304.0	1979.0	-33.22824478149414	203.9956512451172
2304.0	2000.0	-25.107450485229492	203.19834899902344
2304.0	2010.0	-25.371822357177734	199.5126953125
2304.0	2014.0	-23.87135124206543	198.30860900878906
2328.0	0.0	-26.43016815185547	202.0869140625
2328.0	1964.0	-33.65904235839844	202.90386962890625
2328.0	1979.0	-33.220802307128906	204.0072021484375
2328.0	2000.0	-24.917633056640625	203.61636352539062
2328.0	2010.0	-25.246803283691406	199.81275939941406
2328.0	2014.0	-23.794357299804688	198.85125732421875
2352.0	0.0	-26.43016242980957	202.08685302734375
2352.0	1964.0	-50.23476791381836	204.75498962402344
2352.0	1979.0	-33.237327575683594	204.00746154785156
2352.0	2010.0	-25.1142635345459	200.11135864257812
2352.0	2014.0	-23.74898910522461	199.1990203857422
2352.0	2018.0	-24.421476364135742	196.37042236328125
2376.0	0.0	-26.430160522460938	202.08682250976562
2376.0	1964.0	-50.20096969604492	204.7743682861328
2376.0	1979.0	-33.26042556762695	204.01393127441406
2376.0	2010.0	-24.934890747070312	200.2847442626953
2376.0	2014.0	-23.694984436035156	199.70413208007812
2376.0	2018.0	-24.348203659057617	196.72471618652344
2376.0	2019.0	-25.162353515625	200.16342163085938
2400.0	0.0	-26.430152893066406	202.0867462158203
2400.0	1964.0	-50.19837951660156	204.7621612548828
2400.0	1979.0	-33.28668212890625	204.02386474609375
2400.0	2010.0	-24.62885093688965	200.47122192382812
2400.0	2014.0	-23.602340698242188	200.13938903808594
2400.0	2018.0	-24.183515548706055	197.03323364257812
2400.0	2019.0	-24.974973678588867	200.2013702392578
2424.0	0.0	-26.430156707763672	202.0867919921875
2424.0	1964.0	-33.683319091796875	202.9025421142578
2424.0	1979.0	-33.31130599975586	203.99530029296875
2424.0	2010.0	-24.561140060424805	200.62684631347656
2424.0	2014.0	-23.649639129638672	200.54470825195312
2424.0	2018.0	-24.14647674560547	197.3808135986328
2424.0	2019.0	-24.845394134521484	200.3710479736328
2448.0	0.0	-26.430152893066406	202.0867462158203
2448.0	1964.0	-33.6810188293457	202.9049835205078
2448.0	1979.0	-33.25835037231445	203.9311981201172
2448.0	2010.0	-24.44074249267578	200.7021942138672
2448.0	2014.0	-23.572284698486328	200.9824676513672
2448.0	2018.0	-24.082176208496094	197.7004852294922
2448.0	2019.0	-24.654054641723633	200.50303649902344
2472.0	0.0	-26.430150985717773	202.08673095703125
2472.0	1964.0	-50.208106994628906	204.7809600830078
2472.0	1979.0	-33.24039077758789	203.8899688720703
2472.0	2010.0	-24.284889221191406	200.70523071289062
2472.0	2014.0	-23.3132381439209	201.41903686523438
2472.0	2018.0	-23.876216888427734	198.02090454101562
2496.0	0.0	-26.43014907836914	202.08670043945312
2496.0	1964.0	-33.6600227355957	202.894775390625
2496.0	1979.0	-33.22603225708008	203.8659210205078
2496.0	2010.0	-24.263742446899414	200.7386016845703
2496.0	2014.0	-23.141427993774414	201.735107421875
2496.0	2018.0	-23.887575149536133	198.3595428466797
2520.0	0.0	-26.430160522460938	202.08682250976562
2520.0	1964.0	-50.18170928955078	204.73475646972656
2520.0	1979.0	-33.20613098144531	203.86314392089844
2520.0	2010.0	-24.23602867126465	200.7303009033203
2520.0	2014.0	-22.984695434570312	202.09535217285156
2520.0	2018.0	-23.79585075378418	198.6830596923828
2520.0	2020.0	-23.753620147705078	200.89971923828125
2544.0	0.0	-26.430158615112305	202.08680725097656
2544.0	1964.0	-50.19966125488281	204.7153778076172
2544.0	1979.0	-33.17963790893555	203.86166381835938
2544.0	2010.0	-24.28097152709961	200.74732971191406
2544.0	2014.0	-22.81570816040039	202.45785522460938
2544.0	2018.0	-23.60688018798828	198.95811462402344
2544.0	2020.0	-23.688358306884766	201.2486572265625
2568.0	0.0	-26.430158615112305	202.08680725097656
2568.0	1964.0	-50.198665618896484	204.72438049316406
2568.0	1979.0	-33.10463333129883	203.8559112548828
2568.0	2010.0	-24.274864196777344	200.7459259033203
2568.0	2014.0	-22.50983428955078	202.825927734375
2568.0	2018.0	-24.665754318237305	200.3760223388672
2568.0	2020.0	-23.58855628967285	201.5709991455078
2568.0	2023.0	-22.39810562133789	200.6531524658203
2592.0	0.0	-26.430156707763672	202.08677673339844
2592.0	1964.0	-50.19144821166992	204.68226623535156
2592.0	1979.0	-33.030067443847656	203.84060668945312
2592.0	2010.0	-24.27098274230957	200.75592041015625
2592.0	2014.0	-22.244028091430664	203.15933227539062
2592.0	2020.0	-23.486879348754883	201.81344604492188
2592.0	2023.0	-22.070823669433594	201.0312042236328
2616.0	0.0	-26.43015480041504	202.08676147460938
2616.0	1964.0	-50.222721099853516	204.72109985351562
2616.0	1979.0	-33.007164001464844	203.8333282470703
2616.0	2010.0	-24.3092098236084	200.7468719482422
2616.0	2014.0	-21.89438247680664	203.5864715576172
2616.0	2020.0	-23.52115821838379	202.16342163085938
2616.0	2023.0	-21.85146713256836	201.2911834716797
2616.0	2024.0	-27.13193702697754	193.97824096679688
2616.0	2025.0	-27.907419204711914	194.0973358154297
2640.0	0.0	-26.430156707763672	202.08677673339844
2640.0	1964.0	-33.64841079711914	202.8907928466797
2640.0	1979.0	-32.98646926879883	203.82557678222656
2640.0	2010.0	-24.28509521484375	200.7744598388672
2640.0	2014.0	-21.63442611694336	203.9285125732422
2640.0	2020.0	-23.54369354248047	202.34536743164062
2640.0	2023.0	-21.572185516357422	201.6105499267578
2640.0	2024.0	-27.002666473388672	194.59292602539062
2640.0	2025.0	-27.6633243560791	194.67295837402344
2664.0	0.0	-26.43016242980957	202.08685302734375
2664.0	1964.0	-50.207820892333984	204.7486572265625
2664.0	1979.0	-32.99812698364258	203.8363037109375
2664.0	2010.0	-24.220693588256836	200.77810668945312
2664.0	2014.0	-21.392274856567383	204.3360137939453
2664.0	2020.0	-23.46923828125	202.6890411376953
2664.0	2023.0	-21.44185447692871	201.91578674316406
2664.0	2024.0	-26.81360626220703	195.0969696044922
2664.0	2025.0	-27.447254180908203	195.16073608398438
2688.0	0.0	-26.43016242980957	202.08685302734375
2688.0	1964.0	-50.264217376708984	204.7032470703125
2688.0	1979.0	-33.01908493041992	203.83534240722656
2688.0	2010.0	-24.208005905151367	200.8992462158203
2688.0	2020.0	-23.37843894958496	202.89736938476562
2688.0	2024.0	-26.65146827697754	195.6175537109375
2688.0	2025.0	-27.314964294433594	195.6362762451172
2688.0	2026.0	-23.14323616027832	200.9454803466797
2712.0	0.0	-26.430171966552734	202.0869598388672
2712.0	1964.0	-50.190982818603516	204.72265625
2712.0	1979.0	-32.9995002746582	203.83905029296875
2712.0	2010.0	-24.252634048461914	201.1075897216797
2712.0	2020.0	-23.421157836914062	203.37600708007812
2712.0	2024.0	-26.46039581298828	196.08926391601562
2712.0	2025.0	-27.16939353942871	196.020751953125
2712.0	2026.0	-23.1530818939209	201.27838134765625
2712.0	2014.0	-21.011131286621094	205.30209350585938
2736.0	0.0	-26.4301815032959	202.0870361328125
2736.0	1964.0	-50.40229797363281	204.7300567626953
2736.0	1979.0	-32.99384307861328	203.82933044433594
2736.0	2010.0	-24.074718475341797	201.31224060058594
2736.0	2020.0	-23.305862426757812	203.63600158691406
2736.0	2024.0	-26.267080307006836	196.61697387695312
2736.0	2025.0	-26.987272262573242	196.539794921875
2736.0	2026.0	-23.23779296875	201.57301330566406
2760.0	0.0	-26.430185317993164	202.0870819091797
2760.0	1964.0	-50.55986022949219	204.7451629638672
2760.0	1979.0	-32.98500061035156	203.8314971923828
2760.0	2010.0	-23.867198944091797	201.5079345703125
2760.0	2020.0	-23.26674461364746	204.06979370117188
2760.0	2024.0	-26.09017562866211	197.08177185058594
2760.0	2025.0	-26.808095932006836	197.0219268798828
2760.0	2026.0	-23.147525787353516	201.90870666503906
2760.0	2027.0	-20.928863525390625	203.03945922851562
2784.0	0.0	-26.430194854736328	202.08718872070312
2784.0	1964.0	-50.1990852355957	204.68540954589844
2784.0	1979.0	-33.0012092590332	203.84071350097656
2784.0	2010.0	-23.758996963500977	201.82212829589844
2784.0	2020.0	-23.280038833618164	204.43930053710938
2784.0	2024.0	-25.901836395263672	197.50315856933594
2784.0	2025.0	-26.577566146850586	197.47024536132812
2784.0	2026.0	-23.12566566467285	202.16714477539062
2784.0	2027.0	-20.82806396484375	203.37892150878906
2808.0	0.0	-26.430204391479492	202.0872802734375
2808.0	1964.0	-50.400943756103516	204.72470092773438
2808.0	1979.0	-32.976348876953125	203.8408966064453
2808.0	2010.0	-23.849281311035156	202.02774047851562
2808.0	2020.0	-23.154531478881836	204.88426208496094
2808.0	2024.0	-25.740022659301758	197.98480224609375
2808.0	2025.0	-26.38416290283203	197.96414184570312
2808.0	2026.0	-23.068706512451172	202.4355010986328
2832.0	0.0	-26.430206298828125	202.08729553222656
2832.0	1964.0	-50.57211685180664	204.74191284179688
2832.0	1979.0	-32.996726989746094	203.8498992919922
2832.0	2010.0	-23.716726303100586	202.3217010498047
2832.0	2020.0	-23.105615615844727	205.45645141601562
2832.0	2024.0	-25.633766174316406	198.40093994140625
2832.0	2025.0	-26.208385467529297	198.48068237304688
2832.0	2026.0	-23.649253845214844	202.57603454589844
2832.0	2027.0	-20.49352264404297	204.07640075683594
2856.0	0.0	-26.430204391479492	202.0872802734375
2856.0	1964.0	-51.1893424987793	204.80203247070312
2856.0	1979.0	-32.99433898925781	203.85104370117188
2856.0	2010.0	-23.658639907836914	202.53549194335938
2856.0	2024.0	-25.30593490600586	198.96864318847656
2856.0	2025.0	-26.038991928100586	198.97206115722656
2856.0	2026.0	-23.629974365234375	202.86251831054688
2880.0	0.0	-26.430217742919922	202.08743286132812
2880.0	1964.0	-50.23817443847656	204.6531982421875
2880.0	1979.0	-33.00137710571289	203.8404083251953
2880.0	2010.0	-23.679298400878906	202.8383331298828
2880.0	2024.0	-25.240550994873047	199.48046875
2880.0	2025.0	-25.920406341552734	199.55374145507812
2904.0	0.0	-26.43022346496582	202.0874786376953
2904.0	1964.0	-50.40540313720703	204.7025604248047
2904.0	1979.0	-32.99299621582031	203.8408660888672
2904.0	2010.0	-23.611337661743164	203.14161682128906
2904.0	2024.0	-25.068069458007812	199.93153381347656
2904.0	2025.0	-25.7811222076416	200.0283203125
2928.0	0.0	-26.430217742919922	202.08743286132812
2928.0	1964.0	-33.6501579284668	202.85752868652344
2928.0	1979.0	-33.05534362792969	203.86309814453125
2928.0	2010.0	-23.55583381652832	203.46978759765625
2928.0	2024.0	-24.89963150024414	200.40882873535156
2928.0	2025.0	-25.69178581237793	200.4683074951172
2952.0	0.0	-26.430233001708984	202.08758544921875
2952.0	1964.0	-33.64069366455078	202.8134307861328
2952.0	1979.0	-33.17560577392578	203.90126037597656
2952.0	2010.0	-23.621200561523438	203.94483947753906
2952.0	2024.0	-25.105091094970703	201.10159301757812
2952.0	2025.0	-25.549060821533203	200.9313201904297
2976.0	0.0	-26.430238723754883	202.087646484375
2976.0	1964.0	-51.149330139160156	204.37356567382812
2976.0	1979.0	-33.31449890136719	203.93923950195312
2976.0	2010.0	-23.597652435302734	204.31504821777344
2976.0	2024.0	-25.048673629760742	201.5600128173828
2976.0	2025.0	-25.249269485473633	201.29237365722656
2976.0	2028.0	-22.31392478942871	204.68124389648438
3000.0	0.0	-26.430233001708984	202.08758544921875
3000.0	1964.0	-51.12152099609375	204.53932189941406
3000.0	1979.0	-33.45321273803711	203.9623565673828
3000.0	2010.0	-23.626609802246094	204.70782470703125
3000.0	2025.0	-24.930431365966797	201.67098999023438
3000.0	2028.0	-22.3157901763916	205.03848266601562
3024.0	0.0	-26.430248260498047	202.08775329589844
3024.0	1964.0	-51.176998138427734	204.52047729492188
3024.0	1979.0	-33.48618698120117	203.978515625
3024.0	2025.0	-24.777299880981445	202.03677368164062
3024.0	2028.0	-22.287221908569336	205.43331909179688
3048.0	0.0	-26.430255889892578	202.08782958984375
3048.0	1964.0	-51.158233642578125	204.4272003173828
3048.0	1979.0	-33.638145446777344	204.02191162109375
3048.0	2025.0	-24.5213623046875	202.52224731445312
3048.0	2028.0	-22.218692779541016	205.77743530273438
3072.0	0.0	-26.430259704589844	202.08787536621094
3072.0	1964.0	-33.679927825927734	202.7614288330078
3072.0	1979.0	-33.675086975097656	204.03089904785156
3072.0	2025.0	-24.223146438598633	202.91998291015625
3072.0	2028.0	-22.183420181274414	206.1649169921875
3096.0	0.0	-26.43026351928711	202.08790588378906
3096.0	1964.0	-51.22928237915039	204.38906860351562
3096.0	1979.0	-33.78230667114258	204.0634765625
3096.0	2025.0	-24.10007667541504	203.41094970703125
3096.0	2028.0	-22.10603141784668	206.57144165039062
3120.0	0.0	-26.430255889892578	202.08782958984375
3120.0	1964.0	-33.585411071777344	202.71861267089844
3120.0	1979.0	-33.713417053222656	204.0423126220703
3120.0	2025.0	-23.86125373840332	203.9063720703125
3144.0	0.0	-26.430259704589844	202.08787536621094
3144.0	1964.0	-51.0985107421875	204.2330780029297
3144.0	1979.0	-49.47235870361328	208.28463745117188
3144.0	2025.0	-23.713706970214844	204.38479614257812
