168.0	0.0	9.060656547546387	94.62295532226562
168.0	0.0	9.060656547546387	94.62295532226562
192.0	0.0	9.060729026794434	94.62295532226562
192.0	2667.0	10.472230911254883	93.30687713623047
192.0	2671.0	11.738107681274414	94.65560150146484
192.0	2673.0	11.286453247070312	93.90834045410156
192.0	2675.0	9.83295726776123	92.81747436523438
192.0	2679.0	9.329063415527344	93.05780792236328
192.0	2680.0	10.844579696655273	97.968505859375
192.0	2681.0	11.280500411987305	93.46076965332031
216.0	0.0	9.060729026794434	94.62295532226562
216.0	2667.0	10.168834686279297	93.48550415039062
216.0	2671.0	11.686697006225586	94.6196517944336
216.0	2673.0	11.15537166595459	93.99179077148438
216.0	2675.0	9.860727310180664	92.8011703491211
216.0	2679.0	9.275786399841309	93.02035522460938
216.0	2680.0	10.842294692993164	97.97199249267578
216.0	2681.0	11.294618606567383	93.45321655273438
216.0	2682.0	11.238774299621582	93.07930755615234
240.0	0.0	9.060568809509277	94.62296295166016
240.0	2667.0	9.847354888916016	93.70771026611328
240.0	2671.0	11.690537452697754	94.62394714355469
240.0	2673.0	10.99281120300293	94.1001968383789
240.0	2675.0	9.840953826904297	92.80791473388672
240.0	2679.0	9.209762573242188	92.94978332519531
240.0	2680.0	10.844385147094727	97.96855163574219
240.0	2681.0	11.074387550354004	93.49200439453125
240.0	2682.0	10.945571899414062	93.1509780883789
264.0	0.0	9.060554504394531	94.62296295166016
264.0	2667.0	9.486021041870117	93.79109954833984
264.0	2671.0	11.664628028869629	94.66577911376953
264.0	2673.0	11.019813537597656	94.19088745117188
264.0	2675.0	9.390400886535645	93.73326873779297
264.0	2679.0	9.161966323852539	92.8571548461914
264.0	2680.0	10.838724136352539	97.96928405761719
264.0	2681.0	10.961180686950684	93.52761840820312
264.0	2682.0	10.84438705444336	92.99372100830078
264.0	2683.0	12.376544952392578	97.0718765258789
288.0	0.0	9.060612678527832	94.62296295166016
288.0	2667.0	9.747641563415527	91.21403503417969
288.0	2671.0	11.515874862670898	94.76915740966797
288.0	2673.0	11.010639190673828	94.40214538574219
288.0	2680.0	10.840957641601562	97.97264862060547
288.0	2681.0	10.823701858520508	93.70173645019531
288.0	2682.0	10.530628204345703	93.18622589111328
288.0	2683.0	11.949175834655762	97.06640625
288.0	2684.0	10.660003662109375	92.0594482421875
288.0	2685.0	10.919269561767578	94.08952331542969
312.0	0.0	9.060626983642578	94.62296295166016
312.0	2667.0	8.468595504760742	91.10690307617188
312.0	2673.0	10.967976570129395	94.61174774169922
312.0	2680.0	10.837035179138184	97.97021484375
312.0	2681.0	10.691346168518066	93.91008758544922
312.0	2682.0	10.16232967376709	93.35230255126953
312.0	2683.0	11.50879955291748	97.16531372070312
312.0	2685.0	11.572267532348633	93.97608184814453
312.0	2686.0	9.849865913391113	92.61051940917969
312.0	2687.0	9.229082107543945	92.79297637939453
336.0	0.0	9.060568809509277	94.62296295166016
336.0	2667.0	7.565431118011475	91.51680755615234
336.0	2673.0	10.676417350769043	94.8191146850586
336.0	2680.0	10.84488296508789	97.97280883789062
336.0	2681.0	10.454727172851562	94.03794860839844
336.0	2682.0	9.825056076049805	93.59772491455078
336.0	2683.0	11.149517059326172	97.07801818847656
336.0	2685.0	10.708616256713867	94.1753921508789
336.0	2686.0	9.63975715637207	93.30891418457031
336.0	2687.0	9.2333402633667	92.84378814697266
360.0	0.0	9.060598373413086	94.62296295166016
360.0	2667.0	7.940890312194824	93.12059783935547
360.0	2680.0	10.823248863220215	98.04059600830078
360.0	2681.0	10.290678024291992	94.22846984863281
360.0	2682.0	9.558428764343262	93.82949829101562
360.0	2683.0	10.699737548828125	97.05825805664062
360.0	2687.0	9.345354080200195	92.81098175048828
360.0	2690.0	10.53075122833252	94.42247772216797
360.0	2673.0	10.495609283447266	94.86833953857422
384.0	0.0	9.06064224243164	94.62296295166016
384.0	2667.0	7.600732326507568	93.10272979736328
384.0	2681.0	10.129645347595215	94.428955078125
384.0	2682.0	inf	-inf
384.0	2683.0	10.267319679260254	97.18673706054688
384.0	2673.0	10.284017562866211	95.1551742553711
384.0	2691.0	10.366673469543457	94.76884460449219
384.0	2688.0	11.776900291442871	97.36408233642578
408.0	0.0	9.060700416564941	94.62295532226562
408.0	2681.0	9.804261207580566	94.64447784423828
408.0	2682.0	8.83357048034668	92.11560821533203
408.0	2683.0	9.969277381896973	97.2392578125
408.0	2673.0	10.105329513549805	95.23713684082031
408.0	2691.0	9.930051803588867	94.82201385498047
408.0	2688.0	11.438804626464844	97.28713989257812
408.0	2695.0	11.628434181213379	93.67182922363281
408.0	2696.0	10.058676719665527	92.78207397460938
408.0	2697.0	12.563989639282227	91.34252166748047
408.0	2698.0	10.846424102783203	97.9675064086914
432.0	0.0	9.060744285583496	94.62295532226562
432.0	2681.0	inf	inf
432.0	2682.0	6.82875394821167	92.28607940673828
432.0	2683.0	9.599754333496094	97.30490112304688
432.0	2673.0	9.712196350097656	95.20677185058594
432.0	2695.0	11.650250434875488	93.61666107177734
432.0	2696.0	10.046613693237305	92.80604553222656
432.0	2697.0	12.255789756774902	91.59496307373047
432.0	2698.0	10.835594177246094	97.97328186035156
432.0	2699.0	9.427308082580566	92.6758804321289
432.0	2700.0	8.720605850219727	92.09209442138672
432.0	2701.0	12.249495506286621	94.11168670654297
456.0	0.0	9.060714721679688	94.62295532226562
456.0	2681.0	inf	inf
456.0	2683.0	9.236455917358398	97.48712921142578
456.0	2695.0	11.563578605651855	93.63636779785156
456.0	2696.0	10.102556228637695	92.8006362915039
456.0	2697.0	11.943822860717773	91.84639739990234
456.0	2698.0	inf	inf
456.0	2699.0	9.52007007598877	92.73058319091797
456.0	2700.0	8.445291519165039	91.12555694580078
456.0	2701.0	12.16323184967041	94.04710388183594
456.0	2702.0	10.21784496307373	95.02899932861328
480.0	0.0	9.060612678527832	94.62296295166016
480.0	2681.0	9.244756698608398	95.2735595703125
480.0	2683.0	-inf	inf
480.0	2695.0	11.387866973876953	93.65486145019531
480.0	2696.0	10.174013137817383	92.7236328125
480.0	2697.0	11.662311553955078	92.1257095336914
480.0	2699.0	9.513099670410156	92.77001190185547
480.0	2700.0	8.30771541595459	92.19752502441406
480.0	2701.0	11.815947532653809	94.01849365234375
480.0	2702.0	10.02324390411377	95.27813720703125
480.0	2704.0	9.803171157836914	95.62580871582031
504.0	0.0	9.060568809509277	94.62296295166016
504.0	2681.0	8.932847023010254	95.42872619628906
504.0	2695.0	11.308284759521484	93.66419982910156
504.0	2696.0	10.220307350158691	92.67517852783203
504.0	2697.0	11.463683128356934	92.37089538574219
504.0	2699.0	9.480234146118164	92.80123138427734
504.0	2700.0	7.920369625091553	91.35323333740234
504.0	2701.0	12.074315071105957	93.80894470214844
504.0	2702.0	9.83407211303711	95.33356475830078
504.0	2704.0	9.573197364807129	96.082275390625
528.0	0.0	9.060568809509277	94.62296295166016
528.0	2681.0	8.703936576843262	95.7470474243164
528.0	2695.0	11.415437698364258	93.64334869384766
528.0	2696.0	10.225089073181152	92.6608657836914
528.0	2697.0	11.14728832244873	92.6568603515625
528.0	2699.0	9.417884826660156	92.81623840332031
528.0	2701.0	12.27237319946289	93.8416748046875
528.0	2702.0	9.480469703674316	95.35905456542969
528.0	2704.0	10.363329887390137	99.96176147460938
528.0	2706.0	10.078033447265625	92.06641387939453
528.0	2700.0	7.723472595214844	91.45011138916016
552.0	0.0	9.060540199279785	94.62296295166016
552.0	2681.0	8.477863311767578	95.95065307617188
552.0	2695.0	11.509827613830566	93.6533432006836
552.0	2696.0	10.238064765930176	92.64161682128906
552.0	2697.0	10.879615783691406	92.96894836425781
552.0	2699.0	9.394639015197754	92.81586456298828
552.0	2702.0	10.509505271911621	99.79859161376953
552.0	2704.0	9.14890193939209	96.13689422607422
552.0	2706.0	10.277948379516602	91.56280517578125
552.0	2700.0	7.9197235107421875	92.37417602539062
552.0	2707.0	10.952078819274902	96.80923461914062
576.0	0.0	9.060568809509277	94.62296295166016
576.0	2681.0	8.276175498962402	96.0918960571289
576.0	2696.0	10.242067337036133	92.63701629638672
576.0	2697.0	10.654958724975586	93.30870056152344
576.0	2699.0	9.413673400878906	92.80522155761719
576.0	2702.0	9.119335174560547	95.67754364013672
576.0	2706.0	10.28884220123291	91.5224380493164
576.0	2700.0	7.4808526039123535	91.55670928955078
576.0	2707.0	10.571181297302246	96.75141906738281
576.0	2708.0	10.832948684692383	97.9926986694336
576.0	2695.0	11.61599349975586	93.89952087402344
600.0	0.0	9.060554504394531	94.62296295166016
600.0	2681.0	8.10663890838623	96.29997253417969
600.0	2696.0	10.240012168884277	92.7104721069336
600.0	2697.0	10.388176918029785	93.65457153320312
600.0	2699.0	9.451676368713379	92.79693603515625
600.0	2702.0	8.818711280822754	95.82161712646484
600.0	2706.0	10.27656364440918	91.6072998046875
600.0	2700.0	7.794524192810059	92.43529510498047
600.0	2707.0	10.198731422424316	96.83270263671875
600.0	2695.0	11.65992259979248	93.97725677490234
600.0	2709.0	11.990594863891602	93.24580383300781
600.0	2711.0	12.183971405029297	96.98077392578125
624.0	0.0	9.060568809509277	94.62296295166016
624.0	2681.0	8.312703132629395	95.85092163085938
624.0	2696.0	10.157915115356445	92.89118194580078
624.0	2697.0	10.182713508605957	93.9633560180664
624.0	2699.0	9.47785472869873	92.79045104980469
624.0	2702.0	8.569308280944824	95.9805908203125
624.0	2706.0	9.855815887451172	92.74685668945312
624.0	2700.0	7.7945356369018555	92.50953674316406
624.0	2707.0	9.853270530700684	96.84547424316406
624.0	2695.0	11.700176239013672	94.06317901611328
624.0	2712.0	8.813353538513184	96.57868957519531
624.0	2713.0	10.856497764587402	97.94161224365234
624.0	2711.0	12.130975723266602	97.2481460571289
648.0	0.0	9.060540199279785	94.62296295166016
648.0	2681.0	8.094639778137207	96.03130340576172
648.0	2696.0	10.125697135925293	93.02232360839844
648.0	2697.0	10.040760040283203	94.20442199707031
648.0	2699.0	9.496596336364746	92.77020263671875
648.0	2702.0	8.32199478149414	96.18268585205078
648.0	2706.0	9.836376190185547	92.8582763671875
648.0	2700.0	7.8078460693359375	92.55752563476562
648.0	2707.0	9.563592910766602	96.8648681640625
648.0	2695.0	10.119955062866211	94.4135971069336
648.0	2712.0	8.540066719055176	96.81492614746094
648.0	2713.0	10.840821266174316	97.96589660644531
648.0	2711.0	12.006855964660645	97.2679672241211
648.0	2714.0	8.75380802154541	98.21735382080078
672.0	0.0	9.06058406829834	94.62296295166016
672.0	2696.0	10.105912208557129	93.15795135498047
672.0	2697.0	9.8106107711792	94.49715423583984
672.0	2699.0	9.528002738952637	92.72639465332031
672.0	2702.0	7.978160858154297	96.36354064941406
672.0	2706.0	9.81004810333252	92.90785217285156
672.0	2700.0	7.832808971405029	92.60658264160156
672.0	2707.0	9.315340042114258	97.02310943603516
672.0	2712.0	8.269103050231934	97.02442932128906
672.0	2713.0	10.837801933288574	97.96751403808594
672.0	2711.0	12.531011581420898	98.11219787597656
672.0	2715.0	11.615262985229492	96.64729309082031
672.0	2716.0	11.549333572387695	93.0063705444336
696.0	0.0	9.060656547546387	94.62295532226562
696.0	2696.0	10.12292766571045	93.210205078125
696.0	2697.0	inf	inf
696.0	2699.0	9.552719116210938	92.65843200683594
696.0	2702.0	7.6573567390441895	96.51002502441406
696.0	2706.0	9.77890682220459	92.98587036132812
696.0	2700.0	7.865879535675049	92.65569305419922
696.0	2707.0	9.058448791503906	97.13057708740234
696.0	2712.0	7.993228435516357	97.20520782470703
696.0	2713.0	10.841779708862305	97.97449493408203
696.0	2716.0	11.262687683105469	93.22852325439453
696.0	2715.0	11.180301666259766	96.74295043945312
720.0	0.0	9.060686111450195	94.62295532226562
720.0	2696.0	10.05225944519043	93.1380615234375
720.0	2697.0	inf	inf
720.0	2699.0	9.52414321899414	92.46929168701172
720.0	2706.0	9.733521461486816	92.96041870117188
720.0	2700.0	7.854109764099121	92.63477325439453
720.0	2707.0	8.85831069946289	97.24676513671875
720.0	2712.0	7.710085868835449	97.34149932861328
720.0	2713.0	10.84749984741211	97.98278045654297
720.0	2716.0	11.025347709655762	93.4487075805664
720.0	2715.0	9.478913307189941	95.15422058105469
720.0	2717.0	11.679818153381348	94.01971435546875
744.0	0.0	9.060714721679688	94.62295532226562
744.0	2696.0	10.029516220092773	93.09465026855469
744.0	2697.0	inf	inf
744.0	2699.0	9.4437255859375	92.3623275756836
744.0	2706.0	9.718465805053711	92.91285705566406
744.0	2700.0	7.852397918701172	92.6218032836914
744.0	2707.0	8.554933547973633	97.41915130615234
744.0	2712.0	7.444530010223389	97.54303741455078
744.0	2716.0	10.864991188049316	93.75159454345703
744.0	2717.0	11.68648624420166	94.0309066772461
744.0	2721.0	12.542614936828613	91.4957046508789
768.0	0.0	9.060772895812988	94.6229476928711
768.0	2696.0	9.989356994628906	93.0605697631836
768.0	2697.0	9.140229225158691	95.32576751708984
768.0	2699.0	9.414487838745117	92.2504653930664
768.0	2706.0	9.703354835510254	92.88714599609375
768.0	2700.0	7.851579189300537	92.60599517822266
768.0	2707.0	8.85196304321289	95.3743667602539
768.0	2712.0	7.177427291870117	97.718505859375
768.0	2716.0	10.691880226135254	94.03534698486328
768.0	2721.0	12.137471199035645	91.8508071899414
768.0	2722.0	9.881443977355957	96.41748809814453
768.0	2723.0	11.444479942321777	97.56358337402344
792.0	0.0	9.060670852661133	94.62295532226562
792.0	2696.0	9.983682632446289	93.04540252685547
792.0	2697.0	8.909613609313965	95.59716033935547
792.0	2699.0	9.399237632751465	92.12928009033203
792.0	2700.0	7.836626052856445	92.55900573730469
792.0	2712.0	6.957336902618408	97.90643310546875
792.0	2716.0	10.531501770019531	94.32959747314453
792.0	2721.0	11.82898998260498	92.15625
792.0	2722.0	9.399085998535156	96.46382904052734
792.0	2723.0	11.276549339294434	97.45189666748047
792.0	2724.0	10.86814022064209	97.96720123291016
792.0	2706.0	9.709683418273926	92.87981414794922
792.0	2725.0	11.758943557739258	97.06231689453125
816.0	0.0	9.060772895812988	94.6229476928711
816.0	2696.0	9.968995094299316	93.05532836914062
816.0	2697.0	8.637444496154785	95.77388763427734
816.0	2699.0	9.35661792755127	92.07157135009766
816.0	2700.0	7.8254218101501465	92.52848815917969
816.0	2712.0	8.350452423095703	95.66026306152344
816.0	2716.0	10.401747703552246	94.6694564819336
816.0	2721.0	11.42770767211914	92.50900268554688
816.0	2722.0	9.03558349609375	96.58409881591797
816.0	2723.0	11.354207038879395	97.56382751464844
816.0	2724.0	10.861741065979004	97.95932006835938
816.0	2706.0	9.710458755493164	92.8828353881836
816.0	2725.0	11.629579544067383	97.02245330810547
816.0	2726.0	11.640637397766113	93.99224090576172
816.0	2727.0	11.551033020019531	93.60496520996094
840.0	0.0	9.060758590698242	94.62295532226562
840.0	2696.0	9.95481014251709	93.08198547363281
840.0	2697.0	8.355467796325684	95.99857330322266
840.0	2699.0	9.312091827392578	92.042724609375
840.0	2700.0	7.82234001159668	92.51869201660156
840.0	2716.0	10.345630645751953	94.95130920410156
840.0	2721.0	11.0777587890625	92.94830322265625
840.0	2722.0	8.685371398925781	96.83018493652344
840.0	2723.0	11.398863792419434	97.55406188964844
840.0	2724.0	10.864542961120605	97.96461486816406
840.0	2725.0	11.610898971557617	97.05720520019531
840.0	2726.0	11.565902709960938	93.87506866455078
864.0	0.0	9.060744285583496	94.62295532226562
864.0	2696.0	9.955802917480469	93.08486938476562
864.0	2697.0	8.029974937438965	96.0809326171875
864.0	2699.0	9.321105003356934	92.04161071777344
864.0	2700.0	7.82118558883667	92.52169799804688
864.0	2716.0	10.167614936828613	95.04435729980469
864.0	2721.0	10.71609878540039	93.35086059570312
864.0	2722.0	8.163559913635254	96.95386505126953
864.0	2723.0	11.413052558898926	97.53755187988281
864.0	2724.0	10.89039134979248	97.90711212158203
864.0	2725.0	11.516701698303223	96.95314025878906
864.0	2726.0	11.406067848205566	93.7613754272461
864.0	2728.0	11.771950721740723	94.01112365722656
888.0	0.0	9.060744285583496	94.62295532226562
888.0	2696.0	9.947333335876465	93.07746124267578
888.0	2699.0	9.338312149047852	92.01005554199219
888.0	2700.0	7.822222709655762	92.53502655029297
888.0	2716.0	10.00838565826416	95.20829010009766
888.0	2721.0	10.315221786499023	93.73332977294922
888.0	2722.0	7.988568305969238	96.56795501708984
888.0	2723.0	11.490673065185547	97.5697250366211
888.0	2724.0	10.853944778442383	97.96351623535156
888.0	2725.0	11.5068998336792	96.91691589355469
888.0	2726.0	11.360665321350098	93.76527404785156
888.0	2728.0	11.82256031036377	94.00912475585938
912.0	0.0	9.060670852661133	94.62295532226562
912.0	2696.0	9.942975044250488	93.07980346679688
912.0	2699.0	9.328439712524414	92.04521942138672
912.0	2700.0	7.8274431228637695	92.53655242919922
912.0	2716.0	9.899067878723145	95.38722229003906
912.0	2721.0	10.042980194091797	94.09783935546875
912.0	2724.0	10.853791236877441	97.9613037109375
912.0	2728.0	10.421013832092285	94.32444763183594
936.0	0.0	9.06058406829834	94.62296295166016
936.0	2696.0	9.932966232299805	93.0810775756836
936.0	2699.0	9.268808364868164	92.10193634033203
936.0	2700.0	7.829555988311768	92.53524780273438
936.0	2716.0	9.535097122192383	95.45962524414062
936.0	2721.0	9.729263305664062	94.39893341064453
936.0	2730.0	6.764462947845459	98.962158203125
936.0	2731.0	11.759590148925781	96.81636810302734
960.0	0.0	9.060714721679688	94.62295532226562
960.0	2696.0	9.936119079589844	93.07591247558594
960.0	2699.0	9.151388168334961	92.15601348876953
960.0	2700.0	7.830646514892578	92.5439453125
960.0	2716.0	9.2821626663208	95.3331069946289
960.0	2721.0	9.782520294189453	94.65562438964844
960.0	2730.0	6.7044358253479	98.9502944946289
960.0	2731.0	11.366844177246094	96.75231170654297
960.0	2732.0	11.898719787597656	92.2095718383789
960.0	2733.0	9.581225395202637	92.76307678222656
960.0	2734.0	11.19684886932373	97.2028579711914
960.0	2735.0	11.331371307373047	93.74166870117188
984.0	0.0	9.060670852661133	94.62295532226562
984.0	2696.0	9.931721687316895	93.0711441040039
984.0	2699.0	9.18831729888916	92.17064666748047
984.0	2700.0	7.841548919677734	92.56770324707031
984.0	2716.0	9.125517845153809	95.48733520507812
984.0	2721.0	9.602546691894531	95.07223510742188
984.0	2730.0	6.711633205413818	98.92005157470703
984.0	2732.0	11.804277420043945	92.2125244140625
984.0	2735.0	11.331025123596191	93.74627685546875
984.0	2736.0	11.549296379089355	99.33168029785156
984.0	2737.0	12.193243026733398	93.91484832763672
984.0	2738.0	11.230259895324707	93.39601135253906
1008.0	0.0	9.06058406829834	94.62296295166016
1008.0	2696.0	9.941269874572754	93.07412719726562
1008.0	2699.0	9.164017677307129	92.14053344726562
1008.0	2700.0	7.839788913726807	92.57100677490234
1008.0	2716.0	8.803202629089355	95.60232543945312
1008.0	2721.0	9.364297866821289	95.2822494506836
1008.0	2730.0	6.704930782318115	98.92102813720703
1008.0	2732.0	11.556394577026367	92.42301177978516
1008.0	2735.0	11.318381309509277	93.7414779663086
1008.0	2737.0	12.206503868103027	93.92010498046875
1032.0	0.0	9.060466766357422	94.62297058105469
1032.0	2696.0	9.929388999938965	93.0745620727539
1032.0	2699.0	9.077361106872559	92.13044738769531
1032.0	2700.0	7.860986232757568	92.61186218261719
1032.0	2716.0	8.56533145904541	95.73834228515625
1032.0	2721.0	9.136765480041504	95.68216705322266
1032.0	2732.0	11.241677284240723	92.64591217041016
1032.0	2735.0	11.350350379943848	93.73340606689453
1032.0	2737.0	12.425493240356445	93.83509826660156
1032.0	2742.0	11.193224906921387	97.23413848876953
1032.0	2743.0	10.234639167785645	96.615966796875
1056.0	0.0	9.060466766357422	94.62297058105469
1056.0	2696.0	9.929092407226562	93.07898712158203
1056.0	2699.0	8.99993896484375	92.1291275024414
1056.0	2700.0	7.870334625244141	92.62956237792969
1056.0	2716.0	8.231380462646484	95.92048645019531
1056.0	2721.0	8.914481163024902	95.86624145507812
1056.0	2732.0	11.006814002990723	92.86713409423828
1056.0	2735.0	11.366466522216797	93.73954772949219
1056.0	2737.0	12.436392784118652	93.86492156982422
1056.0	2742.0	11.192278861999512	97.24263763427734
1056.0	2743.0	9.852805137634277	96.62490844726562
1080.0	0.0	9.060482025146484	94.62297058105469
1080.0	2696.0	9.916604042053223	93.0719985961914
1080.0	2699.0	8.986851692199707	92.13443756103516
1080.0	2700.0	7.861149311065674	92.60712432861328
1080.0	2721.0	8.72049331665039	96.12882995605469
1080.0	2732.0	10.64540958404541	93.19149780273438
1080.0	2735.0	11.361881256103516	93.74107360839844
1080.0	2737.0	11.784390449523926	93.97764587402344
1080.0	2742.0	11.185160636901855	97.2175064086914
1080.0	2743.0	9.489189147949219	96.71251678466797
1080.0	2744.0	10.780683517456055	97.8302230834961
1104.0	0.0	9.060466766357422	94.62297058105469
1104.0	2696.0	9.912421226501465	93.06967163085938
1104.0	2699.0	8.980717658996582	92.12767028808594
1104.0	2700.0	7.853209495544434	92.57930755615234
1104.0	2721.0	8.365893363952637	96.41044616699219
1104.0	2732.0	10.470556259155273	93.47300720214844
1104.0	2735.0	11.357490539550781	93.73809051513672
1104.0	2737.0	11.625039100646973	93.99544525146484
1104.0	2742.0	11.188133239746094	97.23318481445312
1104.0	2743.0	9.150274276733398	96.78013610839844
1104.0	2744.0	10.767558097839355	97.8213882446289
1104.0	2745.0	11.380870819091797	96.66925811767578
1128.0	0.0	9.060510635375977	94.62297058105469
1128.0	2696.0	9.913411140441895	93.086181640625
1128.0	2699.0	8.979573249816895	92.14466857910156
1128.0	2700.0	7.84995698928833	92.55802154541016
1128.0	2721.0	8.062646865844727	96.65035247802734
1128.0	2732.0	10.172127723693848	93.76520538330078
1128.0	2735.0	11.352020263671875	93.7264633178711
1128.0	2737.0	11.670390129089355	93.96394348144531
1128.0	2743.0	8.930095672607422	96.89009857177734
1128.0	2744.0	10.754424095153809	97.87353515625
1128.0	2745.0	10.85686206817627	96.71265411376953
1152.0	0.0	9.060510635375977	94.62297058105469
1152.0	2696.0	9.904634475708008	93.07452392578125
1152.0	2699.0	8.979864120483398	92.1546630859375
1152.0	2700.0	7.855245113372803	92.5618667602539
1152.0	2721.0	7.8957085609436035	96.74606323242188
1152.0	2732.0	10.085810661315918	93.96858215332031
1152.0	2735.0	11.328847885131836	93.7275161743164
1152.0	2737.0	11.772566795349121	93.9624252319336
1152.0	2743.0	8.76303482055664	96.90047454833984
1152.0	2744.0	10.765242576599121	97.88140869140625
1152.0	2745.0	10.539511680603027	96.68850708007812
1176.0	0.0	9.060568809509277	94.62296295166016
1176.0	2696.0	9.91850757598877	93.08442687988281
1176.0	2699.0	8.9857177734375	92.15847778320312
1176.0	2700.0	7.8307271003723145	92.51599884033203
1176.0	2721.0	7.452508449554443	96.99722290039062
1176.0	2732.0	9.698906898498535	94.27320861816406
1176.0	2743.0	8.442850112915039	97.32136535644531
1176.0	2745.0	9.943426132202148	96.49431610107422
1176.0	2747.0	11.297218322753906	92.1002197265625
1176.0	2748.0	12.153770446777344	98.36017608642578
1176.0	2749.0	8.040084838867188	96.89051055908203
1200.0	0.0	9.060612678527832	94.62296295166016
1200.0	2696.0	9.924792289733887	93.07686614990234
1200.0	2699.0	9.01695728302002	92.17172241210938
1200.0	2700.0	7.834488391876221	92.5277099609375
1200.0	2732.0	inf	inf
1200.0	2743.0	7.942173004150391	97.04340362548828
1200.0	2745.0	9.205229759216309	96.34463500976562
1200.0	2747.0	10.91859245300293	92.64156341552734
1200.0	2748.0	12.149354934692383	98.37162780761719
1200.0	2750.0	10.757540702819824	97.88545989990234
1200.0	2752.0	8.301538467407227	97.5186767578125
1200.0	2753.0	11.23399829864502	96.80747985839844
1224.0	0.0	9.060540199279785	94.62296295166016
1224.0	2696.0	9.923304557800293	93.07795715332031
1224.0	2699.0	9.061029434204102	92.19133758544922
1224.0	2700.0	7.826180458068848	92.52561950683594
1224.0	2732.0	inf	inf
1224.0	2743.0	7.548902988433838	97.09317016601562
1224.0	2745.0	8.674715995788574	96.42356872558594
1224.0	2747.0	10.77306842803955	92.94140625
1224.0	2750.0	11.487264633178711	99.37263488769531
1224.0	2754.0	11.386519432067871	93.72145080566406
1224.0	2755.0	12.493764877319336	93.97840881347656
1248.0	0.0	9.06058406829834	94.62296295166016
1248.0	2696.0	9.920594215393066	93.07872772216797
1248.0	2699.0	9.101963996887207	92.231689453125
1248.0	2700.0	7.8127264976501465	92.52196502685547
1248.0	2732.0	inf	inf
1248.0	2745.0	8.034500122070312	96.3551025390625
1248.0	2747.0	10.409931182861328	93.38825225830078
1248.0	2754.0	11.488442420959473	93.67044067382812
1248.0	2755.0	12.805468559265137	93.93938446044922
1248.0	2756.0	8.374826431274414	100.93582153320312
1272.0	0.0	9.06058406829834	94.62296295166016
1272.0	2696.0	9.92916202545166	93.06500244140625
1272.0	2699.0	9.11181926727295	92.24787902832031
1272.0	2700.0	7.796482086181641	92.50836181640625
1272.0	2732.0	8.967157363891602	95.38917541503906
1272.0	2747.0	10.187650680541992	93.58251953125
1272.0	2754.0	11.671743392944336	93.70621490478516
1272.0	2755.0	13.111888885498047	94.06575775146484
1272.0	2757.0	11.19424057006836	97.19973754882812
1272.0	2758.0	9.648580551147461	96.50870513916016
1272.0	2759.0	10.73493480682373	97.90834045410156
1296.0	0.0	9.060466766357422	94.62297058105469
1296.0	2696.0	9.639663696289062	93.61512756347656
1296.0	2699.0	9.084270477294922	92.22945404052734
1296.0	2700.0	7.8099751472473145	92.52588653564453
1296.0	2732.0	8.653299331665039	95.688232421875
1296.0	2747.0	9.821508407592773	93.78242492675781
1296.0	2754.0	11.942032814025879	93.79588317871094
1296.0	2757.0	11.204492568969727	97.19376373291016
1296.0	2758.0	9.274808883666992	96.4340591430664
1296.0	2759.0	10.740248680114746	97.8921127319336
1296.0	2760.0	11.77749252319336	92.94474029541016
1320.0	0.0	9.060612678527832	94.62296295166016
1320.0	2699.0	9.066840171813965	93.77711486816406
1320.0	2700.0	7.8108344078063965	92.5230941772461
1320.0	2747.0	9.407221794128418	93.967041015625
1320.0	2754.0	12.204535484313965	93.94800567626953
1320.0	2757.0	11.204495429992676	97.19902801513672
1320.0	2758.0	8.803577423095703	96.5475845336914
1320.0	2759.0	10.754791259765625	97.90715789794922
1320.0	2760.0	11.427762031555176	93.04741668701172
1320.0	2763.0	12.522968292236328	93.30868530273438
1320.0	2764.0	9.668062210083008	100.13776397705078
1344.0	0.0	9.060700416564941	94.62295532226562
1344.0	2700.0	7.821028232574463	92.53801727294922
1344.0	2747.0	9.524967193603516	90.65184783935547
1344.0	2754.0	12.593891143798828	94.10420227050781
1344.0	2757.0	11.214559555053711	97.21153259277344
1344.0	2758.0	8.261055946350098	96.77057647705078
1344.0	2759.0	10.073166847229004	96.59969329833984
1344.0	2760.0	11.192999839782715	93.38502502441406
1344.0	2763.0	12.820125579833984	93.35538482666016
1344.0	2764.0	10.457441329956055	99.97212982177734
1344.0	2765.0	10.052495956420898	93.23285675048828
1368.0	0.0	9.060686111450195	94.62295532226562
1368.0	2700.0	8.616800308227539	93.87720489501953
1368.0	2747.0	8.692838668823242	93.66485595703125
1368.0	2754.0	12.982595443725586	94.10028076171875
1368.0	2757.0	11.211398124694824	97.20378112792969
1368.0	2758.0	7.72623348236084	96.97195434570312
1368.0	2759.0	10.111515045166016	96.65498352050781
1368.0	2760.0	10.871914863586426	93.66876220703125
1368.0	2763.0	13.250555992126465	93.32149505615234
1368.0	2764.0	10.945106506347656	99.61317443847656
1368.0	2765.0	9.910834312438965	93.29373168945312
1368.0	2766.0	9.121506690979004	92.4001235961914
1392.0	0.0	9.060626983642578	94.62296295166016
1392.0	2747.0	8.193227767944336	93.49951934814453
1392.0	2754.0	13.130688667297363	94.1719741821289
1392.0	2757.0	10.60714054107666	96.49424743652344
1392.0	2758.0	7.220083713531494	97.17623901367188
1392.0	2760.0	10.641789436340332	94.10533905029297
1392.0	2764.0	10.780509948730469	97.76671600341797
1392.0	2765.0	9.837985038757324	93.30525970458984
1392.0	2766.0	9.13895320892334	92.41468048095703
1392.0	2769.0	11.175682067871094	92.57286834716797
1416.0	0.0	9.060510635375977	94.62297058105469
1416.0	2760.0	10.248839378356934	94.40387725830078
1416.0	2764.0	11.19979190826416	97.44528198242188
1416.0	2765.0	9.885804176330566	93.29942321777344
1416.0	2766.0	9.137945175170898	92.24549102783203
1416.0	2769.0	11.196657180786133	92.77037811279297
1416.0	2770.0	10.748554229736328	97.9776382446289
1416.0	2771.0	7.807511329650879	92.55772399902344
1440.0	0.0	9.060554504394531	94.62296295166016
1440.0	2760.0	9.870318412780762	94.6355972290039
1440.0	2764.0	11.464113235473633	97.22660827636719
1440.0	2765.0	9.915569305419922	93.03704833984375
1440.0	2766.0	9.12769889831543	92.12303924560547
1440.0	2769.0	11.314873695373535	92.8281478881836
1440.0	2770.0	10.769079208374023	97.93351745605469
1440.0	2771.0	7.775256156921387	92.60367584228516
1440.0	2772.0	6.704141616821289	98.95478057861328
1464.0	0.0	9.060568809509277	94.62296295166016
1464.0	2760.0	9.653910636901855	94.97784423828125
1464.0	2764.0	9.61660385131836	95.1407241821289
1464.0	2765.0	9.925474166870117	92.75808715820312
1464.0	2766.0	9.117866516113281	92.26001739501953
1464.0	2769.0	11.30449390411377	92.82474517822266
1464.0	2770.0	10.759516716003418	97.92045593261719
1464.0	2771.0	7.781418323516846	92.58087158203125
1464.0	2773.0	12.129901885986328	98.3875503540039
1488.0	0.0	9.060568809509277	94.62296295166016
1488.0	2760.0	9.415996551513672	95.22518157958984
1488.0	2765.0	10.036992073059082	92.50782012939453
1488.0	2766.0	9.100979804992676	92.43167114257812
1488.0	2769.0	11.3185396194458	92.80389404296875
1488.0	2771.0	7.77951192855835	92.59625244140625
1488.0	2774.0	13.124510765075684	94.08871459960938
1488.0	2776.0	6.145127773284912	98.38726043701172
1512.0	0.0	9.060670852661133	94.62295532226562
1512.0	2760.0	9.310843467712402	95.30010223388672
1512.0	2765.0	10.102639198303223	92.40821838378906
1512.0	2766.0	9.089164733886719	92.48747253417969
1512.0	2769.0	11.323457717895508	92.79717254638672
1512.0	2771.0	7.777061939239502	92.59074401855469
1512.0	2776.0	6.142022609710693	98.37974548339844
1536.0	0.0	9.060612678527832	94.62296295166016
1536.0	2760.0	8.907878875732422	95.96041870117188
1536.0	2766.0	9.166108131408691	92.72217559814453
1536.0	2769.0	11.317340850830078	92.78326416015625
1536.0	2771.0	7.782726764678955	92.58245849609375
1536.0	2777.0	12.155610084533691	98.36910247802734
1536.0	2778.0	10.74701976776123	97.93138885498047
1536.0	2779.0	10.004453659057617	90.77278900146484
1536.0	2780.0	12.761229515075684	97.30329132080078
1536.0	2781.0	11.61496353149414	97.043701171875
1560.0	0.0	9.060540199279785	94.62296295166016
1560.0	2760.0	8.490668296813965	96.0320053100586
1560.0	2766.0	9.218694686889648	92.79005432128906
1560.0	2769.0	11.31789493560791	92.78724670410156
1560.0	2771.0	7.797852039337158	92.58241271972656
1560.0	2777.0	12.111835479736328	98.39705657958984
1560.0	2778.0	10.754559516906738	97.92524719238281
1560.0	2781.0	11.591153144836426	97.00808715820312
1584.0	0.0	9.060568809509277	94.62296295166016
1584.0	2760.0	8.07064437866211	96.30038452148438
1584.0	2766.0	9.211057662963867	92.81979370117188
1584.0	2769.0	11.332802772521973	92.78662109375
1584.0	2771.0	7.79956579208374	92.59780883789062
1584.0	2777.0	11.26893138885498	97.37614440917969
1584.0	2778.0	10.750925064086914	97.90686798095703
1584.0	2781.0	11.559772491455078	96.98566436767578
1584.0	2783.0	12.960325241088867	94.14167022705078
1584.0	2784.0	8.563409805297852	91.0663070678711
1608.0	0.0	9.060612678527832	94.62296295166016
1608.0	2760.0	7.705023765563965	96.45082092285156
1608.0	2766.0	9.187318801879883	92.92996215820312
1608.0	2769.0	11.340133666992188	92.78605651855469
1608.0	2771.0	8.166272163391113	93.17046356201172
1608.0	2777.0	11.25399112701416	97.3753433227539
1608.0	2778.0	10.737504959106445	97.88007354736328
1608.0	2781.0	11.564791679382324	96.98624420166016
1608.0	2783.0	12.66812515258789	94.11273193359375
1608.0	2784.0	7.941639423370361	91.34589385986328
1632.0	0.0	9.06058406829834	94.62296295166016
1632.0	2766.0	9.153385162353516	92.77593994140625
1632.0	2769.0	14.914251327514648	89.60212707519531
1632.0	2777.0	12.098272323608398	98.41825866699219
1632.0	2778.0	10.743949890136719	97.89474487304688
1632.0	2781.0	11.63272476196289	97.06265258789062
1632.0	2783.0	12.09073543548584	94.08502197265625
1632.0	2786.0	10.147619247436523	92.30123138427734
1632.0	2788.0	7.812196731567383	92.55024719238281
1656.0	0.0	9.060408592224121	94.62297821044922
1656.0	2766.0	9.158561706542969	92.79769134521484
1656.0	2777.0	12.056146621704102	98.44388580322266
1656.0	2778.0	10.739486694335938	97.8857421875
1656.0	2781.0	11.648087501525879	97.07244110107422
1656.0	2783.0	11.748828887939453	94.20879364013672
1656.0	2786.0	10.035964965820312	92.26736450195312
1656.0	2788.0	7.808583736419678	92.5383529663086
1656.0	2789.0	13.1884126663208	92.33984375
1680.0	0.0	9.060277938842773	94.62298583984375
1680.0	2766.0	9.142961502075195	92.845703125
1680.0	2777.0	12.070868492126465	98.43473815917969
1680.0	2778.0	10.751276969909668	97.90434265136719
1680.0	2781.0	11.656871795654297	97.06298065185547
1680.0	2783.0	11.294811248779297	94.2990951538086
1680.0	2786.0	10.03046703338623	92.29329681396484
1680.0	2788.0	7.80745267868042	92.56700134277344
1680.0	2789.0	13.194180488586426	92.33815002441406
1704.0	0.0	9.060248374938965	94.62298583984375
1704.0	2766.0	9.176840782165527	92.83589935302734
1704.0	2777.0	11.192827224731445	97.29341125488281
1704.0	2778.0	10.748705863952637	97.93932342529297
1704.0	2781.0	11.675143241882324	97.0638427734375
1704.0	2782.0	8.084444999694824	95.913330078125
1704.0	2783.0	10.954906463623047	94.41271209716797
1704.0	2786.0	10.092658996582031	92.3421630859375
1704.0	2788.0	7.815332412719727	92.54350280761719
1704.0	2789.0	13.201157569885254	92.34268188476562
1728.0	0.0	9.060336112976074	94.62297821044922
1728.0	2766.0	9.252083778381348	92.83770751953125
1728.0	2777.0	11.230835914611816	97.32968139648438
1728.0	2778.0	10.763710975646973	97.93619537353516
1728.0	2781.0	11.663744926452637	97.05276489257812
1728.0	2782.0	8.289352416992188	95.98126983642578
1728.0	2783.0	10.641810417175293	94.56910705566406
1728.0	2786.0	10.137548446655273	92.3563003540039
1728.0	2788.0	7.806884288787842	92.58143615722656
1728.0	2789.0	13.195943832397461	92.34954833984375
1752.0	0.0	9.060262680053711	94.62298583984375
1752.0	2766.0	9.306071281433105	92.92121124267578
1752.0	2777.0	12.095104217529297	98.42056274414062
1752.0	2778.0	10.746227264404297	97.94956970214844
1752.0	2781.0	11.66833782196045	97.0506820678711
1752.0	2782.0	8.638574600219727	95.9577407836914
1752.0	2783.0	10.298657417297363	94.67285919189453
1752.0	2788.0	7.80401611328125	92.57846069335938
1752.0	2789.0	13.205403327941895	92.3420181274414
1752.0	2786.0	10.155232429504395	92.37150573730469
1776.0	0.0	9.060190200805664	94.62299346923828
1776.0	2766.0	9.381131172180176	93.01298522949219
1776.0	2777.0	12.08272933959961	98.42528533935547
1776.0	2778.0	10.749300003051758	97.99056243896484
1776.0	2781.0	11.655155181884766	97.0413589477539
1776.0	2782.0	8.866229057312012	95.93163299560547
1776.0	2783.0	9.969213485717773	94.78568267822266
1776.0	2788.0	7.811179161071777	92.57171630859375
1776.0	2789.0	13.19689655303955	92.34320831298828
1800.0	0.0	9.060234069824219	94.62298583984375
1800.0	2766.0	9.370923042297363	93.14302062988281
1800.0	2777.0	11.253508567810059	97.2957534790039
1800.0	2778.0	10.745591163635254	98.01699829101562
1800.0	2781.0	11.668230056762695	97.05369567871094
1800.0	2782.0	9.224604606628418	100.3563003540039
1800.0	2783.0	9.682194709777832	94.90764617919922
1800.0	2788.0	7.7966508865356445	92.52440643310547
1800.0	2789.0	13.202672958374023	92.34955596923828
1824.0	0.0	9.060102462768555	94.62299346923828
1824.0	2766.0	9.438309669494629	93.16532897949219
1824.0	2778.0	11.424988746643066	99.39744567871094
1824.0	2782.0	9.992855072021484	100.05310821533203
1824.0	2783.0	inf	inf
1824.0	2788.0	7.8035569190979	92.54119110107422
1824.0	2789.0	13.203084945678711	92.34225463867188
1848.0	0.0	9.060029983520508	94.62300109863281
1848.0	2766.0	9.456782341003418	93.16532897949219
1848.0	2783.0	inf	inf
1848.0	2788.0	7.8090949058532715	92.55414581298828
1848.0	2789.0	13.200398445129395	92.34586334228516
1848.0	2793.0	14.83477783203125	89.50579833984375
1848.0	2794.0	11.185477256774902	97.27352142333984
1848.0	2795.0	11.622879981994629	96.99957275390625
1872.0	0.0	9.059986114501953	94.62300109863281
1872.0	2766.0	9.473564147949219	93.14799499511719
1872.0	2783.0	8.868203163146973	95.49401092529297
1872.0	2788.0	7.813181400299072	92.54466247558594
1872.0	2789.0	13.195576667785645	92.34959411621094
1872.0	2794.0	11.170347213745117	97.2676773071289
1872.0	2795.0	11.632939338684082	96.98570251464844
1872.0	2796.0	9.766098976135254	96.0185546875
1872.0	2797.0	10.304788589477539	99.9773178100586
1872.0	2792.0	8.61655044555664	95.19265747070312
1872.0	2793.0	14.82254695892334	89.4891586303711
1896.0	0.0	9.059942245483398	94.62300872802734
1896.0	2766.0	9.45291519165039	93.150634765625
1896.0	2783.0	8.437346458435059	95.5799331665039
1896.0	2788.0	7.798846244812012	92.52059936523438
1896.0	2789.0	13.214988708496094	92.33515167236328
1896.0	2794.0	11.170443534851074	97.25221252441406
1896.0	2795.0	11.618694305419922	96.97496032714844
1896.0	2796.0	10.746879577636719	97.9356460571289
1896.0	2797.0	10.01116943359375	100.0391845703125
1896.0	2793.0	14.81982421875	89.49195098876953
1920.0	0.0	9.059796333312988	94.62301635742188
1920.0	2766.0	9.544144630432129	92.95867919921875
1920.0	2788.0	7.809429168701172	92.54450225830078
1920.0	2789.0	13.209181785583496	92.33728790283203
1920.0	2794.0	11.154617309570312	97.23404693603516
1920.0	2795.0	11.584244728088379	97.00269317626953
1920.0	2796.0	10.747343063354492	97.93310546875
1920.0	2797.0	9.105006217956543	96.25415802001953
1944.0	0.0	9.059869766235352	94.62300872802734
1944.0	2766.0	9.57540512084961	92.88640594482422
1944.0	2788.0	7.790239334106445	92.62089538574219
1944.0	2789.0	13.186140060424805	92.34923553466797
1944.0	2794.0	11.139423370361328	97.23343658447266
1944.0	2795.0	11.536629676818848	97.01216125488281
1944.0	2796.0	10.748296737670898	97.9303970336914
1944.0	2797.0	8.905341148376465	96.48003387451172
1968.0	0.0	9.059898376464844	94.62300872802734
1968.0	2766.0	9.570262908935547	92.88280487060547
1968.0	2788.0	7.788942813873291	92.63829803466797
1968.0	2789.0	13.26567554473877	92.30711364746094
1968.0	2794.0	11.128814697265625	97.23930358886719
1968.0	2795.0	11.520750045776367	97.02307891845703
1968.0	2796.0	10.742759704589844	97.93097686767578
1968.0	2797.0	8.460320472717285	96.5767822265625
1992.0	0.0	9.059840202331543	94.62301635742188
1992.0	2766.0	9.561738967895508	92.86213684082031
1992.0	2788.0	7.801777362823486	92.54212951660156
1992.0	2789.0	13.208332061767578	92.33981323242188
1992.0	2794.0	11.137264251708984	97.25045776367188
1992.0	2795.0	11.530116081237793	97.03034210205078
1992.0	2796.0	10.740756034851074	97.92974853515625
1992.0	2797.0	8.061993598937988	96.77671813964844
2016.0	0.0	9.059723854064941	94.6230239868164
2016.0	2766.0	9.586824417114258	92.84789276123047
2016.0	2788.0	7.826699733734131	92.57609558105469
2016.0	2789.0	13.211908340454102	92.33818054199219
2016.0	2794.0	11.151532173156738	97.2467269897461
2016.0	2795.0	11.522502899169922	97.02090454101562
2016.0	2796.0	10.736328125	97.91400909423828
2016.0	2797.0	7.6907501220703125	96.99446868896484
2040.0	0.0	9.059694290161133	94.6230239868164
2040.0	2766.0	9.57312297821045	92.85457611083984
2040.0	2788.0	7.828939914703369	92.64266204833984
2040.0	2789.0	13.20083999633789	92.3431167602539
2040.0	2794.0	11.155820846557617	97.25091552734375
2040.0	2795.0	11.530664443969727	97.02961730957031
2040.0	2796.0	10.741579055786133	97.92475891113281
2040.0	2797.0	7.287352561950684	97.16828155517578
2040.0	2799.0	12.176172256469727	88.88941192626953
2064.0	0.0	9.059621810913086	94.62303161621094
2064.0	2766.0	9.610817909240723	92.83878326416016
2064.0	2788.0	7.858360290527344	92.62464904785156
2064.0	2789.0	13.269122123718262	92.30552673339844
2064.0	2794.0	11.1552095413208	97.23857116699219
2064.0	2795.0	11.523031234741211	97.02595520019531
2064.0	2796.0	10.734695434570312	97.90580749511719
2064.0	2799.0	12.185861587524414	88.91239929199219
2088.0	0.0	9.059621810913086	94.62303161621094
2088.0	2766.0	9.599505424499512	92.8542251586914
2088.0	2788.0	7.850185394287109	92.6039047241211
2088.0	2789.0	13.193432807922363	92.35047912597656
2088.0	2794.0	11.159811019897461	97.23744201660156
2088.0	2795.0	11.53152084350586	97.02296447753906
2088.0	2796.0	10.738629341125488	97.89929962158203
2088.0	2799.0	12.173490524291992	88.86565399169922
2112.0	0.0	9.059621810913086	94.62303161621094
2112.0	2766.0	9.574461936950684	92.90570831298828
2112.0	2788.0	7.833188533782959	92.58843994140625
2112.0	2789.0	13.133845329284668	92.3791275024414
2112.0	2794.0	11.15742301940918	97.23420715332031
2112.0	2795.0	11.517611503601074	97.00859069824219
2112.0	2796.0	10.745169639587402	97.91840362548828
2112.0	2799.0	12.191367149353027	88.87760925292969
2136.0	0.0	9.059592247009277	94.62303161621094
2136.0	2766.0	9.444466590881348	92.95188903808594
2136.0	2788.0	7.846770286560059	92.610595703125
2136.0	2789.0	13.12154769897461	92.38169860839844
2136.0	2794.0	11.155685424804688	97.2381591796875
2136.0	2795.0	11.533232688903809	97.02689361572266
2136.0	2796.0	10.742169380187988	97.91992950439453
2136.0	2799.0	12.13695240020752	88.80598449707031
2136.0	2802.0	16.732494354248047	93.20512390136719
2160.0	0.0	9.059563636779785	94.62303161621094
2160.0	2766.0	9.363322257995605	92.9986572265625
2160.0	2788.0	7.806228160858154	92.56969451904297
2160.0	2789.0	13.099732398986816	92.39186096191406
2160.0	2794.0	11.157027244567871	97.247314453125
2160.0	2795.0	11.522663116455078	97.02055358886719
2160.0	2796.0	10.742973327636719	97.92176055908203
2160.0	2799.0	12.114578247070312	88.7691879272461
2160.0	2802.0	16.926631927490234	93.15538787841797
2184.0	0.0	9.059636116027832	94.6230239868164
2184.0	2766.0	9.402572631835938	93.0230941772461
2184.0	2788.0	7.765094757080078	92.54103088378906
2184.0	2789.0	13.099754333496094	92.391845703125
2184.0	2794.0	11.158530235290527	97.24357604980469
2184.0	2795.0	11.533393859863281	97.03277587890625
2184.0	2796.0	10.737445831298828	97.89989471435547
2184.0	2799.0	12.123106002807617	88.76272583007812
2184.0	2802.0	17.12039566040039	93.08211517333984
2208.0	0.0	9.059534072875977	94.62303161621094
2208.0	2766.0	9.392664909362793	93.11388397216797
2208.0	2788.0	7.754075050354004	92.4586410522461
2208.0	2789.0	13.090383529663086	92.39569854736328
2208.0	2794.0	11.154096603393555	97.24962615966797
2208.0	2795.0	11.533866882324219	97.03221893310547
2208.0	2796.0	10.739108085632324	97.91249084472656
2208.0	2799.0	12.152522087097168	88.83857727050781
2208.0	2802.0	17.380109786987305	92.99314880371094
2208.0	2803.0	6.729129314422607	98.93936920166016
2232.0	0.0	9.059504508972168	94.62303924560547
2232.0	2766.0	9.362129211425781	93.17845916748047
2232.0	2788.0	7.765811920166016	92.47257232666016
2232.0	2789.0	13.095146179199219	92.39607238769531
2232.0	2794.0	11.15635871887207	97.24524688720703
2232.0	2795.0	11.555566787719727	97.00971221923828
2232.0	2796.0	10.735702514648438	97.90074920654297
2232.0	2799.0	12.132335662841797	88.79345703125
2232.0	2802.0	17.601579666137695	92.97981262207031
2232.0	2803.0	6.696568489074707	98.9353256225586
2256.0	0.0	9.059417724609375	94.62303924560547
2256.0	2766.0	9.365019798278809	93.13567352294922
2256.0	2788.0	7.768628120422363	92.45686340332031
2256.0	2789.0	13.17432975769043	92.35345458984375
2256.0	2794.0	11.164830207824707	97.240966796875
2256.0	2795.0	11.6040678024292	96.98699188232422
2256.0	2796.0	10.742012023925781	97.91321563720703
2256.0	2799.0	12.138528823852539	88.80123901367188
2256.0	2803.0	6.703958511352539	98.93485260009766
2280.0	0.0	9.059446334838867	94.62303924560547
2280.0	2766.0	9.365907669067383	93.12836456298828
2280.0	2788.0	7.765008926391602	92.42414855957031
2280.0	2789.0	13.17704963684082	92.35008239746094
2280.0	2794.0	11.168976783752441	97.22991943359375
2280.0	2795.0	11.615455627441406	96.96912384033203
2280.0	2796.0	10.737066268920898	97.9112548828125
2280.0	2799.0	12.1422700881958	88.83228302001953
2280.0	2803.0	6.712734699249268	98.93962860107422
2304.0	0.0	9.059417724609375	94.62303924560547
2304.0	2766.0	9.374146461486816	93.09021759033203
2304.0	2788.0	7.7674360275268555	92.39029693603516
2304.0	2789.0	13.194063186645508	92.35204315185547
2304.0	2794.0	11.177957534790039	97.23805236816406
2304.0	2795.0	11.616780281066895	96.97059631347656
2304.0	2796.0	10.725446701049805	97.88573455810547
2304.0	2799.0	12.156712532043457	88.85858154296875
2304.0	2803.0	6.718612194061279	98.93829345703125
2328.0	0.0	9.059388160705566	94.623046875
2328.0	2766.0	9.370787620544434	93.10477447509766
2328.0	2788.0	7.790955066680908	92.49706268310547
2328.0	2789.0	13.204437255859375	92.38789367675781
2328.0	2794.0	11.174362182617188	97.23065185546875
2328.0	2795.0	11.570586204528809	97.00831604003906
2328.0	2796.0	10.73281478881836	97.89767456054688
2328.0	2799.0	12.1561861038208	88.86128997802734
2328.0	2803.0	6.728862762451172	98.94840240478516
2352.0	0.0	9.059388160705566	94.623046875
2352.0	2766.0	9.381641387939453	93.06598663330078
2352.0	2788.0	7.817331314086914	92.51860809326172
2352.0	2789.0	13.193009376525879	92.40043640136719
2352.0	2794.0	11.179909706115723	97.22871398925781
2352.0	2795.0	11.58717155456543	96.9933090209961
2352.0	2796.0	10.740928649902344	97.91597747802734
2352.0	2799.0	12.144383430480957	88.81887817382812
2352.0	2803.0	6.733644485473633	98.94189453125
2376.0	0.0	9.059344291687012	94.623046875
2376.0	2766.0	9.3985013961792	93.01165771484375
2376.0	2788.0	7.817198276519775	92.53263092041016
2376.0	2789.0	13.167016983032227	92.39020538330078
2376.0	2794.0	11.176612854003906	97.2236557006836
2376.0	2795.0	11.600356101989746	96.98538208007812
2376.0	2796.0	10.7390718460083	97.90794372558594
2376.0	2799.0	12.153427124023438	88.80794525146484
2376.0	2803.0	8.39122200012207	95.86022186279297
2400.0	0.0	9.059198379516602	94.62305450439453
2400.0	2766.0	9.403976440429688	92.9909439086914
2400.0	2788.0	7.812751770019531	92.49571990966797
2400.0	2794.0	11.169540405273438	97.2215805053711
2400.0	2795.0	11.611233711242676	96.9760971069336
2400.0	2796.0	10.738631248474121	97.90361785888672
2400.0	2799.0	12.160070419311523	88.83616638183594
2400.0	2804.0	8.785205841064453	95.29451751708984
2424.0	0.0	9.059155464172363	94.62306213378906
2424.0	2766.0	9.347020149230957	93.0690689086914
2424.0	2788.0	7.811944484710693	92.48921203613281
2424.0	2794.0	9.495943069458008	95.16114807128906
2424.0	2795.0	11.61446475982666	96.97549438476562
2424.0	2796.0	9.41208267211914	95.31580352783203
2424.0	2799.0	12.147537231445312	88.82610321044922
2424.0	2804.0	10.050665855407715	100.02238464355469
2424.0	2806.0	7.803468227386475	96.43879699707031
2448.0	0.0	9.059184074401855	94.62305450439453
2448.0	2766.0	9.393291473388672	93.1240463256836
2448.0	2788.0	7.833482265472412	92.50901794433594
2448.0	2799.0	12.167502403259277	88.89392852783203
2448.0	2804.0	12.075261116027832	96.45924377441406
2448.0	2806.0	8.314087867736816	96.30081176757812
2448.0	2807.0	13.285430908203125	92.4390869140625
2448.0	2808.0	10.75820541381836	97.93172454833984
2448.0	2794.0	11.15065860748291	97.234130859375
2472.0	0.0	9.059257507324219	94.62305450439453
2472.0	2766.0	9.439081192016602	93.1548843383789
2472.0	2788.0	7.821358680725098	92.51617431640625
2472.0	2804.0	10.976595878601074	94.88907623291016
2472.0	2806.0	8.567863464355469	96.05289459228516
2472.0	2808.0	10.754921913146973	97.91549682617188
2472.0	2794.0	11.171512603759766	97.21482849121094
2472.0	2809.0	11.617395401000977	96.96680450439453
2496.0	0.0	9.059125900268555	94.62306213378906
2496.0	2766.0	9.447763442993164	93.14321899414062
2496.0	2788.0	7.822116851806641	92.53423309326172
2496.0	2804.0	11.531862258911133	94.4847640991211
2496.0	2806.0	8.414104461669922	100.66828918457031
2496.0	2808.0	10.758261680603027	97.90245819091797
2496.0	2794.0	11.22209358215332	97.2534408569336
2496.0	2809.0	11.641304969787598	96.99048614501953
2520.0	0.0	9.0591402053833	94.62306213378906
2520.0	2766.0	9.394826889038086	93.08677673339844
2520.0	2788.0	7.814657688140869	92.53402709960938
2520.0	2804.0	12.220824241638184	94.18684387207031
2520.0	2806.0	10.385079383850098	99.94689178466797
2520.0	2808.0	9.57664680480957	95.63417053222656
2520.0	2794.0	9.919791221618652	95.65036010742188
2520.0	2809.0	11.59609603881836	96.94850158691406
2520.0	2811.0	12.179752349853516	88.90509796142578
2544.0	0.0	9.059111595153809	94.62306213378906
2544.0	2766.0	9.344197273254395	93.06260681152344
2544.0	2788.0	7.814113140106201	92.52271270751953
2544.0	2804.0	12.93121337890625	93.88072204589844
2544.0	2806.0	10.963980674743652	97.68424987792969
2544.0	2794.0	9.806142807006836	95.50992584228516
2544.0	2809.0	9.938267707824707	95.42678833007812
2544.0	2811.0	12.161706924438477	88.84880065917969
2568.0	0.0	9.059038162231445	94.6230697631836
2568.0	2766.0	9.339584350585938	93.04991912841797
2568.0	2788.0	7.817196369171143	92.53245544433594
2568.0	2804.0	13.621591567993164	93.63986206054688
2568.0	2806.0	11.40125846862793	97.14998626708984
2568.0	2811.0	12.144124031066895	88.83313751220703
2568.0	2813.0	10.772589683532715	97.96926879882812
2592.0	0.0	9.05908203125	94.62306213378906
2592.0	2766.0	9.335077285766602	93.09400939941406
2592.0	2788.0	7.811434745788574	92.52660369873047
2592.0	2804.0	14.340838432312012	93.4375228881836
2592.0	2806.0	12.143048286437988	96.33241271972656
2592.0	2811.0	12.137991905212402	88.8056411743164
2592.0	2813.0	10.762024879455566	97.94773864746094
2592.0	2814.0	12.178657531738281	98.33830261230469
2592.0	2816.0	11.596413612365723	96.96875
2616.0	0.0	9.05899429321289	94.6230697631836
2616.0	2766.0	9.385811805725098	93.11019897460938
2616.0	2788.0	7.811262607574463	92.52666473388672
2616.0	2804.0	15.015871047973633	93.19750213623047
2616.0	2806.0	12.548463821411133	95.5596694946289
2616.0	2811.0	12.170753479003906	88.88695526123047
2616.0	2813.0	10.755563735961914	97.91280364990234
2616.0	2814.0	12.1869535446167	98.339111328125
2616.0	2816.0	11.602611541748047	96.96195983886719
2640.0	0.0	9.058907508850098	94.62307739257812
2640.0	2766.0	9.4462308883667	93.08527374267578
2640.0	2788.0	7.810393333435059	92.52947235107422
2640.0	2804.0	15.620729446411133	93.01917266845703
2640.0	2806.0	11.23963737487793	94.85491943359375
2640.0	2813.0	10.767842292785645	97.94468688964844
2640.0	2814.0	12.206417083740234	98.32782745361328
2664.0	0.0	9.058732032775879	94.62309265136719
2664.0	2766.0	9.44628620147705	93.11418151855469
2664.0	2788.0	7.815436840057373	92.53802490234375
2664.0	2806.0	11.303915023803711	94.49258422851562
2664.0	2813.0	10.753506660461426	97.93174743652344
2664.0	2814.0	12.196972846984863	98.32786560058594
2664.0	2815.0	7.287472724914551	96.99402618408203
2688.0	0.0	9.058673858642578	94.62309265136719
2688.0	2766.0	9.46188735961914	93.0915298461914
2688.0	2788.0	7.807640075683594	92.52631378173828
2688.0	2806.0	11.604546546936035	94.25422668457031
2688.0	2813.0	10.747756004333496	97.93238830566406
2688.0	2814.0	12.195327758789062	98.33700561523438
2688.0	2815.0	7.62100076675415	96.7442855834961
2688.0	2817.0	11.603266716003418	96.94014739990234
2712.0	0.0	9.058629989624023	94.62309265136719
2712.0	2766.0	9.427799224853516	93.08296203613281
2712.0	2788.0	7.812701225280762	92.51399230957031
2712.0	2806.0	12.017589569091797	94.0940933227539
2712.0	2813.0	10.7465181350708	97.93524932861328
2712.0	2814.0	12.186470985412598	98.33660888671875
2712.0	2815.0	7.995227336883545	96.53034210205078
2712.0	2817.0	11.60391616821289	96.9512710571289
2712.0	2818.0	12.175971031188965	88.8733139038086
2736.0	0.0	9.058629989624023	94.62309265136719
2736.0	2766.0	9.401253700256348	93.11167907714844
2736.0	2788.0	7.8019118309021	92.47857666015625
2736.0	2806.0	12.458063125610352	93.93065643310547
2736.0	2813.0	10.74364185333252	97.86927032470703
2736.0	2814.0	12.206671714782715	98.3168716430664
2736.0	2815.0	8.398919105529785	96.2500228881836
2736.0	2817.0	11.594611167907715	96.94662475585938
2736.0	2818.0	12.156502723693848	88.85311126708984
2760.0	0.0	9.05854320526123	94.62310028076172
2760.0	2766.0	9.395649909973145	93.11453247070312
2760.0	2788.0	7.792098045349121	92.47736358642578
2760.0	2806.0	12.86754035949707	93.89772033691406
2760.0	2813.0	10.7479829788208	97.94121551513672
2760.0	2814.0	12.202837944030762	98.33059692382812
2760.0	2815.0	8.743273735046387	96.0074234008789
2760.0	2817.0	11.595194816589355	96.94001770019531
2760.0	2818.0	12.158842086791992	88.87198638916016
2784.0	0.0	9.058513641357422	94.62310791015625
2784.0	2766.0	9.412358283996582	93.0334701538086
2784.0	2788.0	7.810361862182617	92.51065063476562
2784.0	2806.0	13.28052043914795	93.83291625976562
2784.0	2813.0	9.611491203308105	95.70759582519531
2784.0	2814.0	12.207998275756836	98.33138275146484
2784.0	2815.0	8.841758728027344	100.49512481689453
2784.0	2817.0	11.591803550720215	96.9583969116211
2784.0	2818.0	12.15468692779541	88.84349822998047
2808.0	0.0	9.058425903320312	94.62310791015625
2808.0	2766.0	9.403422355651855	93.0937728881836
2808.0	2788.0	7.810415744781494	92.51524353027344
2808.0	2806.0	13.661004066467285	93.77922058105469
2808.0	2813.0	9.480851173400879	95.4681167602539
2808.0	2814.0	9.761301040649414	95.45059204101562
2808.0	2815.0	10.473392486572266	99.82723999023438
2808.0	2817.0	9.92574691772461	95.42195892333984
2808.0	2818.0	12.157407760620117	88.84546661376953
2808.0	2821.0	13.215624809265137	92.44917297363281
2832.0	0.0	9.058571815490723	94.62310028076172
2832.0	2766.0	9.40774154663086	93.08856201171875
2832.0	2788.0	7.821199893951416	92.52751922607422
2832.0	2806.0	13.117148399353027	94.01201629638672
2832.0	2815.0	11.155447006225586	97.56099700927734
2832.0	2818.0	12.167862892150879	88.88125610351562
2832.0	2821.0	13.186044692993164	92.45709228515625
2856.0	0.0	9.05854320526123	94.62310028076172
2856.0	2766.0	9.408473014831543	93.08257293701172
2856.0	2788.0	7.824435234069824	92.53026580810547
2856.0	2806.0	13.123067855834961	94.09286499023438
2856.0	2815.0	12.53490161895752	96.91415405273438
2856.0	2818.0	12.169301986694336	88.87646484375
2856.0	2821.0	13.192094802856445	92.45134735107422
2856.0	2822.0	14.125603675842285	92.65654754638672
2856.0	2823.0	10.741642951965332	97.91302490234375
2880.0	0.0	9.058367729187012	94.62311553955078
2880.0	2766.0	9.408269882202148	93.03396606445312
2880.0	2788.0	7.808384895324707	92.50481414794922
2880.0	2806.0	10.576334953308105	94.41764068603516
2880.0	2815.0	12.550540924072266	95.63704681396484
2880.0	2818.0	12.159599304199219	88.85562896728516
2880.0	2819.0	7.888494491577148	96.25717163085938
2880.0	2821.0	13.201452255249023	92.44803619384766
2880.0	2822.0	14.138199806213379	92.68423461914062
2880.0	2823.0	10.751007080078125	97.9395980834961
2880.0	2824.0	12.21723747253418	98.31556701660156
2880.0	2825.0	11.61196231842041	96.96002960205078
2904.0	0.0	9.058309555053711	94.62311553955078
2904.0	2766.0	9.400195121765137	93.04666137695312
2904.0	2788.0	7.830831050872803	92.544921875
2904.0	2815.0	10.993736267089844	94.65678405761719
2904.0	2818.0	12.173500061035156	88.86029815673828
2904.0	2819.0	8.27013874053955	95.95064544677734
2904.0	2821.0	13.219983100891113	92.44049072265625
2904.0	2822.0	14.120636940002441	92.56914520263672
2904.0	2823.0	10.74638843536377	97.9284439086914
2904.0	2824.0	12.212821006774902	98.3218994140625
2904.0	2825.0	11.626777648925781	96.95853424072266
2928.0	0.0	9.058237075805664	94.62312316894531
2928.0	2766.0	9.395843505859375	93.07780456542969
2928.0	2788.0	7.818647861480713	92.53118896484375
2928.0	2815.0	11.324016571044922	94.37174224853516
2928.0	2818.0	12.160971641540527	88.8619613647461
2928.0	2819.0	8.61324405670166	95.77388000488281
2928.0	2821.0	13.232287406921387	92.44255065917969
2928.0	2822.0	14.087650299072266	92.4948959350586
2928.0	2823.0	10.735724449157715	97.89793395996094
2928.0	2824.0	12.210540771484375	98.32117462158203
2928.0	2825.0	11.616974830627441	96.96328735351562
2952.0	0.0	9.058135032653809	94.62313079833984
2952.0	2766.0	9.387138366699219	93.11277770996094
2952.0	2788.0	7.819244384765625	92.5354232788086
2952.0	2815.0	11.690986633300781	94.18165588378906
2952.0	2818.0	12.178001403808594	88.86727142333984
2952.0	2819.0	8.922011375427246	95.52970886230469
2952.0	2823.0	10.745946884155273	97.9285888671875
2952.0	2824.0	12.213129043579102	98.32412719726562
2952.0	2825.0	11.594688415527344	96.96672821044922
2952.0	2827.0	6.3449602127075195	98.40357208251953
2976.0	0.0	9.0580472946167	94.62313842773438
2976.0	2766.0	9.38332748413086	93.12015533447266
2976.0	2788.0	7.821810722351074	92.53387451171875
2976.0	2815.0	12.123331069946289	94.02254486083984
2976.0	2818.0	12.165393829345703	88.87783813476562
2976.0	2819.0	9.185816764831543	95.31127166748047
2976.0	2823.0	9.39025592803955	95.28427124023438
2976.0	2824.0	9.637042045593262	95.29891204833984
2976.0	2825.0	11.601744651794434	96.97376251220703
2976.0	2827.0	6.333237648010254	98.42965698242188
3000.0	0.0	9.058075904846191	94.62313079833984
3000.0	2766.0	9.38152027130127	93.14620971679688
3000.0	2788.0	7.804358005523682	92.50701904296875
3000.0	2815.0	12.64445972442627	93.92635345458984
3000.0	2818.0	12.16254711151123	88.85293579101562
3000.0	2819.0	10.846333503723145	97.74694061279297
3000.0	2827.0	6.301641464233398	98.46607208251953
3000.0	2829.0	13.214778900146484	92.43108367919922
3024.0	0.0	9.0580472946167	94.62313842773438
3024.0	2766.0	9.401971817016602	93.1070327758789
3024.0	2788.0	7.806610584259033	92.50335693359375
3024.0	2815.0	13.148001670837402	93.8886489868164
3024.0	2818.0	12.155272483825684	88.8409423828125
3024.0	2819.0	12.057522773742676	96.48277282714844
3024.0	2827.0	6.264105319976807	98.4611587524414
3024.0	2829.0	13.198953628540039	92.4354019165039
3024.0	2830.0	10.73641586303711	97.89973449707031
3048.0	0.0	9.058091163635254	94.62313079833984
3048.0	2766.0	9.40771770477295	93.11239624023438
3048.0	2788.0	7.824779510498047	92.54373168945312
3048.0	2815.0	13.598796844482422	93.89141845703125
3048.0	2818.0	12.140825271606445	88.83414459228516
3048.0	2819.0	10.960472106933594	95.07496643066406
3048.0	2827.0	6.265914440155029	98.47235107421875
3048.0	2829.0	13.182969093322754	92.40960693359375
3048.0	2830.0	10.737006187438965	97.90618133544922
3048.0	2831.0	12.204005241394043	98.32395935058594
3048.0	2832.0	11.555052757263184	97.0001449584961
3072.0	0.0	9.058135032653809	94.62313079833984
3072.0	2766.0	9.402223587036133	93.1313705444336
3072.0	2788.0	7.816383361816406	92.5371322631836
3072.0	2815.0	11.131964683532715	94.30751037597656
3072.0	2818.0	12.16434097290039	88.85533905029297
3072.0	2819.0	11.420504570007324	94.83293151855469
3072.0	2827.0	6.263474464416504	98.49273681640625
3072.0	2829.0	13.206857681274414	92.40745544433594
3072.0	2830.0	10.744806289672852	97.8774642944336
3072.0	2831.0	12.203566551208496	98.31915283203125
3072.0	2832.0	11.547019004821777	97.01730346679688
3096.0	0.0	9.058061599731445	94.62313842773438
3096.0	2766.0	9.398027420043945	93.12957000732422
3096.0	2788.0	7.814426422119141	92.52893829345703
3096.0	2818.0	12.150225639343262	88.82603454589844
3096.0	2819.0	11.897517204284668	94.597900390625
3096.0	2827.0	6.266894340515137	98.48788452148438
3096.0	2830.0	10.754400253295898	97.93546295166016
3096.0	2831.0	12.208151817321777	98.32304382324219
3096.0	2832.0	11.55506706237793	97.01748657226562
3096.0	2829.0	13.220183372497559	92.42420959472656
3120.0	0.0	9.058061599731445	94.62313842773438
3120.0	2766.0	9.398798942565918	93.04644012451172
3120.0	2788.0	7.811052322387695	92.50305938720703
3120.0	2818.0	12.173501968383789	88.88462829589844
3120.0	2819.0	12.353320121765137	94.36316680908203
3120.0	2827.0	6.275331974029541	98.49888610839844
3120.0	2830.0	10.744226455688477	97.91146087646484
3120.0	2831.0	12.201519966125488	98.32868194580078
3120.0	2832.0	11.550766944885254	97.02196502685547
3144.0	0.0	9.057973861694336	94.62313842773438
3144.0	2766.0	9.393606185913086	93.0647964477539
3144.0	2788.0	7.81599760055542	92.52798461914062
3144.0	2818.0	12.14095401763916	88.8408203125
3144.0	2819.0	12.697307586669922	94.2368392944336
3144.0	2827.0	6.2786970138549805	98.50133514404297
3144.0	2830.0	10.749555587768555	97.90420532226562
3144.0	2831.0	12.215542793273926	98.31407165527344
3144.0	2832.0	11.555624008178711	97.0197525024414
3144.0	2833.0	13.218364715576172	92.42514038085938
3168.0	0.0	9.057887077331543	94.6231460571289
3168.0	2766.0	9.389541625976562	93.0779037475586
3168.0	2788.0	7.8089399337768555	92.52747344970703
3168.0	2818.0	12.160744667053223	88.86463928222656
3168.0	2819.0	13.120891571044922	94.08160400390625
3168.0	2827.0	6.877577781677246	97.69345092773438
3168.0	2830.0	10.757457733154297	97.91808319091797
3168.0	2831.0	12.213766098022461	98.32077026367188
3168.0	2832.0	11.564088821411133	97.01948547363281
3168.0	2833.0	13.222075462341309	92.432373046875
3168.0	2836.0	6.740120887756348	99.02777862548828
3192.0	0.0	9.057945251464844	94.6231460571289
3192.0	2766.0	9.393572807312012	93.05522918701172
3192.0	2788.0	7.810724258422852	92.53340148925781
3192.0	2818.0	12.16425895690918	88.86133575439453
3192.0	2819.0	13.122355461120605	94.0775375366211
3192.0	2830.0	10.756731033325195	97.93645477294922
3192.0	2831.0	12.18835735321045	98.33448028564453
3192.0	2832.0	11.545252799987793	97.03042602539062
3192.0	2833.0	13.215554237365723	92.42855072021484
3192.0	2836.0	6.735386371612549	99.01396179199219
3216.0	0.0	9.057945251464844	94.6231460571289
3216.0	2766.0	9.391093254089355	93.05641174316406
3216.0	2788.0	7.81727409362793	92.54115295410156
3216.0	2818.0	12.159226417541504	88.86019134521484
3216.0	2819.0	13.127795219421387	94.08826446533203
3216.0	2830.0	10.750969886779785	97.93267822265625
3216.0	2831.0	12.196515083312988	98.32760620117188
3216.0	2832.0	11.54518985748291	97.03052520751953
3216.0	2833.0	13.21472454071045	92.42264556884766
3216.0	2835.0	7.350507736206055	97.04293060302734
3240.0	0.0	9.057930946350098	94.6231460571289
3240.0	2766.0	9.355509757995605	93.21240234375
3240.0	2788.0	7.808984756469727	92.52745819091797
3240.0	2818.0	12.152523040771484	88.86019897460938
3240.0	2819.0	13.113975524902344	94.00855255126953
3240.0	2830.0	10.762492179870605	97.92900085449219
3240.0	2831.0	12.19150161743164	98.33968353271484
3240.0	2832.0	11.544849395751953	97.02798461914062
3240.0	2833.0	13.220185279846191	92.420166015625
3240.0	2835.0	7.757913589477539	96.97164916992188
3264.0	0.0	9.057887077331543	94.6231460571289
3264.0	2766.0	9.356450080871582	93.20240020751953
3264.0	2788.0	7.815191745758057	92.5376968383789
3264.0	2818.0	12.143649101257324	88.83309173583984
3264.0	2819.0	15.070226669311523	93.6722412109375
3264.0	2830.0	10.749288558959961	97.95819091796875
3264.0	2831.0	12.193940162658691	98.3349609375
3264.0	2832.0	11.538052558898926	97.0291976928711
3264.0	2833.0	13.235143661499023	92.43582153320312
3264.0	2835.0	8.086851119995117	96.81534576416016
3288.0	0.0	9.05781364440918	94.62315368652344
3288.0	2766.0	9.35950756072998	93.198974609375
3288.0	2788.0	7.810429573059082	92.52421569824219
3288.0	2818.0	12.130178451538086	88.80226135253906
3288.0	2819.0	15.877767562866211	93.53028106689453
3288.0	2830.0	10.756982803344727	97.92953491210938
3288.0	2831.0	12.187424659729004	98.3351821899414
3288.0	2832.0	11.537622451782227	97.04678344726562
3288.0	2833.0	13.225630760192871	92.4221420288086
3288.0	2835.0	8.461471557617188	96.56534576416016
3312.0	0.0	9.057857513427734	94.6231460571289
3312.0	2766.0	9.358583450317383	93.20693969726562
3312.0	2788.0	7.816183090209961	92.53245544433594
3312.0	2818.0	12.153670310974121	88.85948944091797
3312.0	2819.0	16.39249610900879	93.38853454589844
3312.0	2830.0	10.753277778625488	97.92247772216797
3312.0	2831.0	12.192042350769043	98.341796875
3312.0	2832.0	11.537784576416016	97.02372741699219
3312.0	2833.0	13.22662353515625	92.42390441894531
3312.0	2835.0	8.82044792175293	96.55191802978516
3312.0	2839.0	6.288241863250732	98.5107192993164
3336.0	0.0	9.057843208312988	94.62315368652344
3336.0	2766.0	9.358064651489258	93.20887756347656
3336.0	2788.0	7.808786869049072	92.51358795166016
3336.0	2818.0	12.110645294189453	88.75408172607422
3336.0	2819.0	16.9151554107666	93.30679321289062
3336.0	2830.0	10.75092887878418	97.89893341064453
3336.0	2831.0	12.186328887939453	98.33614349365234
3336.0	2832.0	11.508235931396484	96.97368621826172
3336.0	2833.0	13.23133373260498	92.4328842163086
3336.0	2835.0	9.036076545715332	96.46673583984375
3336.0	2839.0	6.298773765563965	98.52800750732422
3360.0	0.0	9.057785034179688	94.62315368652344
3360.0	2766.0	9.35604476928711	93.2084732055664
3360.0	2788.0	7.807030200958252	92.49832153320312
3360.0	2818.0	12.164514541625977	88.8533935546875
3360.0	2819.0	17.369529724121094	93.15326690673828
3360.0	2830.0	9.995047569274902	96.4234848022461
3360.0	2831.0	11.163939476013184	97.12913513183594
3360.0	2832.0	11.456653594970703	96.88565826416016
3360.0	2833.0	13.224109649658203	92.42790985107422
3360.0	2835.0	9.774209976196289	100.08152770996094
3360.0	2839.0	6.289748191833496	98.51923370361328
3384.0	0.0	9.057711601257324	94.62316131591797
3384.0	2766.0	9.354561805725098	93.22657012939453
3384.0	2788.0	7.805168628692627	92.52496337890625
3384.0	2818.0	12.153998374938965	88.83920288085938
3384.0	2830.0	9.882038116455078	96.19822692871094
3384.0	2831.0	11.122872352600098	97.09566497802734
3384.0	2832.0	11.477931022644043	96.88338470458984
3384.0	2833.0	13.232123374938965	92.42179107666016
3384.0	2835.0	10.856034278869629	99.65291595458984
3384.0	2839.0	6.29188346862793	98.52324676513672
3408.0	0.0	9.057682991027832	94.62316131591797
3408.0	2766.0	9.352701187133789	93.22822570800781
3408.0	2788.0	7.829928874969482	92.57772064208984
3408.0	2818.0	12.159924507141113	88.88627624511719
3408.0	2831.0	10.241607666015625	96.05736541748047
3408.0	2832.0	10.570369720458984	96.01840209960938
3408.0	2833.0	13.22893238067627	92.42005920410156
3408.0	2835.0	10.80246639251709	97.8216781616211
3408.0	2839.0	6.262367248535156	98.49475860595703
3432.0	0.0	9.057726860046387	94.62316131591797
3432.0	2766.0	9.357939720153809	93.19867706298828
3432.0	2788.0	7.849400043487549	92.65245056152344
3432.0	2818.0	12.146738052368164	88.83123779296875
3432.0	2833.0	13.229883193969727	92.4261474609375
3432.0	2835.0	12.035173416137695	98.45576477050781
3432.0	2839.0	6.255443572998047	98.50702667236328
3432.0	2840.0	10.758130073547363	97.91539764404297
3456.0	0.0	9.057785034179688	94.62315368652344
3456.0	2766.0	9.358128547668457	93.20074462890625
3456.0	2788.0	7.842858791351318	92.63304138183594
3456.0	2818.0	12.148266792297363	88.83650207519531
3456.0	2833.0	13.223958015441895	92.42337036132812
3456.0	2835.0	10.892253875732422	96.25556945800781
3456.0	2839.0	6.2622528076171875	98.50202941894531
3456.0	2840.0	10.773985862731934	97.95899200439453
3456.0	2841.0	6.709593296051025	99.0365982055664
3480.0	0.0	9.05781364440918	94.62315368652344
3480.0	2766.0	9.355768203735352	93.20024108886719
3480.0	2788.0	7.829110622406006	92.58293151855469
3480.0	2818.0	12.134878158569336	88.81477355957031
3480.0	2833.0	13.219035148620605	92.41828155517578
3480.0	2835.0	11.126718521118164	96.29438781738281
3480.0	2839.0	6.258788108825684	98.50690460205078
3480.0	2840.0	10.766563415527344	97.94933319091797
3480.0	2841.0	6.717108249664307	99.02925109863281
3480.0	2842.0	12.11768627166748	98.39800262451172
3504.0	0.0	9.057901382446289	94.6231460571289
3504.0	2766.0	9.358742713928223	93.18040466308594
3504.0	2788.0	7.81328010559082	92.53418731689453
3504.0	2818.0	12.134516716003418	88.79780578613281
3504.0	2833.0	13.218174934387207	92.42501068115234
3504.0	2835.0	11.353544235229492	96.49418640136719
3504.0	2839.0	6.266111373901367	98.50469970703125
3504.0	2840.0	10.75916862487793	97.89016723632812
3504.0	2841.0	6.720465660095215	99.0083236694336
3504.0	2842.0	12.116302490234375	98.3966293334961
3528.0	0.0	9.057973861694336	94.62313842773438
3528.0	2766.0	9.35744857788086	93.17194366455078
3528.0	2788.0	7.81082820892334	92.52405548095703
3528.0	2818.0	12.148818969726562	88.8299560546875
3528.0	2833.0	13.232970237731934	92.41862487792969
3528.0	2835.0	11.760048866271973	96.74800109863281
3528.0	2839.0	6.271036624908447	98.5081787109375
3528.0	2840.0	10.774873733520508	97.89778900146484
3528.0	2841.0	6.715665817260742	99.00798034667969
3528.0	2842.0	12.112086296081543	98.40780639648438
3552.0	0.0	9.057973861694336	94.62313842773438
3552.0	2766.0	9.382248878479004	93.04846954345703
3552.0	2788.0	7.811258792877197	92.52845001220703
3552.0	2818.0	12.152259826660156	88.83592987060547
3552.0	2833.0	13.224898338317871	92.41619110107422
3552.0	2835.0	11.816225051879883	96.81832122802734
3552.0	2839.0	6.263944149017334	98.5104751586914
3552.0	2840.0	10.758500099182129	97.87024688720703
3552.0	2841.0	6.712809085845947	99.01099395751953
3552.0	2842.0	12.111664772033691	98.40300750732422
3576.0	0.0	9.05810546875	94.62313079833984
3576.0	2766.0	9.356698036193848	93.17586517333984
3576.0	2788.0	7.8004655838012695	92.51395416259766
3576.0	2818.0	12.158495903015137	88.83867645263672
3576.0	2833.0	13.2263765335083	92.41462707519531
3576.0	2835.0	11.927735328674316	96.95063018798828
3576.0	2839.0	6.264090538024902	98.51054382324219
3576.0	2840.0	10.756417274475098	97.8623275756836
3576.0	2841.0	6.715014934539795	99.00760650634766
3576.0	2842.0	12.112360954284668	98.40247344970703
3600.0	0.0	9.0580472946167	94.62313842773438
3600.0	2766.0	9.391833305358887	93.064697265625
3600.0	2788.0	7.79409646987915	92.5224609375
3600.0	2818.0	12.160394668579102	88.88191223144531
3600.0	2833.0	13.214042663574219	92.42112731933594
3600.0	2839.0	6.286069393157959	98.51884460449219
3600.0	2840.0	10.759424209594727	97.91939544677734
3600.0	2841.0	6.729630470275879	99.02666473388672
3600.0	2842.0	12.129664421081543	98.3858871459961
3600.0	2835.0	12.694696426391602	97.24517822265625
3624.0	0.0	9.058061599731445	94.62313842773438
3624.0	2766.0	9.385912895202637	93.10640716552734
3624.0	2788.0	7.798956871032715	92.53585052490234
3624.0	2818.0	12.146430015563965	88.86000061035156
3624.0	2833.0	13.202402114868164	92.42914581298828
3624.0	2839.0	6.2745747566223145	98.50328826904297
3624.0	2840.0	10.747101783752441	97.90547943115234
3624.0	2841.0	6.732996940612793	99.02169036865234
3624.0	2842.0	12.13745403289795	98.38465118408203
3624.0	2843.0	11.534345626831055	96.97544860839844
3648.0	0.0	9.058207511901855	94.62312316894531
3648.0	2766.0	9.364100456237793	93.21212768554688
3648.0	2788.0	7.789783477783203	92.53447723388672
3648.0	2818.0	12.165127754211426	88.84667205810547
3648.0	2833.0	13.216226577758789	92.4207534790039
3648.0	2840.0	10.749685287475586	97.91321563720703
3648.0	2841.0	6.73216438293457	99.0234146118164
3648.0	2842.0	12.113926887512207	98.39362335205078
3648.0	2843.0	11.487234115600586	97.02706909179688
3672.0	0.0	9.058295249938965	94.62311553955078
3672.0	2766.0	9.387857437133789	93.19487762451172
3672.0	2788.0	7.791888236999512	92.55431365966797
3672.0	2818.0	12.152474403381348	88.8362045288086
3672.0	2833.0	13.21613597869873	92.41616821289062
3672.0	2840.0	10.764261245727539	97.8921890258789
3672.0	2842.0	12.127423286437988	98.39044189453125
3696.0	0.0	9.05833911895752	94.62311553955078
3696.0	2766.0	9.383005142211914	93.20399475097656
3696.0	2788.0	7.788679122924805	92.54694366455078
3696.0	2818.0	12.16777229309082	88.86842346191406
3696.0	2833.0	13.223407745361328	92.41263580322266
3696.0	2840.0	10.774405479431152	97.93653106689453
3696.0	2842.0	12.13609504699707	98.3860092163086
3696.0	2844.0	11.556231498718262	96.96714782714844
3720.0	0.0	9.058441162109375	94.62310791015625
3720.0	2766.0	9.380005836486816	93.20510864257812
3720.0	2788.0	7.789234638214111	92.5419692993164
3720.0	2818.0	12.191880226135254	88.90194702148438
3720.0	2833.0	13.226604461669922	92.40995788574219
3720.0	2840.0	10.76785659790039	97.91744232177734
3720.0	2842.0	12.163490295410156	98.37129211425781
3720.0	2844.0	11.576179504394531	96.9428482055664
3720.0	2845.0	14.78613567352295	89.46768951416016
3744.0	0.0	9.058441162109375	94.62310791015625
3744.0	2766.0	9.378628730773926	93.20889282226562
3744.0	2788.0	7.7912211418151855	92.54544067382812
3744.0	2818.0	12.186912536621094	88.90945434570312
3744.0	2833.0	13.21864128112793	92.4162826538086
3744.0	2840.0	10.759188652038574	97.91517639160156
3744.0	2842.0	12.160030364990234	98.36376953125
3744.0	2844.0	11.5784912109375	96.94329071044922
3744.0	2845.0	14.791656494140625	89.45938873291016
