120.0	0.0	-0.9222559332847595	100.53519439697266
144.0	0.0	-0.9222559332847595	100.53519439697266
168.0	0.0	-0.9222138524055481	100.5351791381836
168.0	2538.0	1.4905651807785034	97.05915069580078
168.0	2536.0	1.1015067100524902	99.9046859741211
192.0	0.0	-0.9221015572547913	100.53514862060547
192.0	2536.0	1.1646928787231445	100.14115905761719
192.0	2554.0	inf	-inf
192.0	2555.0	-inf	-inf
192.0	2556.0	1.3474950790405273	98.63884735107422
192.0	2558.0	2.5976297855377197	98.69575500488281
192.0	2559.0	2.4699676036834717	98.31621551513672
192.0	2560.0	1.2545586824417114	99.92841339111328
216.0	0.0	-0.9220594167709351	100.5351333618164
216.0	2536.0	1.4538096189498901	100.44381713867188
216.0	2554.0	inf	-inf
216.0	2555.0	-inf	-inf
216.0	2556.0	1.5236077308654785	98.57295989990234
216.0	2558.0	2.954577684402466	98.68538665771484
216.0	2560.0	1.7572569847106934	99.80364227294922
216.0	2561.0	1.5062108039855957	100.16971588134766
216.0	2559.0	2.8230209350585938	98.11812591552734
240.0	0.0	-0.9220454096794128	100.5351333618164
240.0	2536.0	1.7959110736846924	100.63005828857422
240.0	2554.0	-inf	-inf
240.0	2556.0	1.8134357929229736	98.52688598632812
240.0	2558.0	2.2453560829162598	99.14382934570312
240.0	2560.0	1.7519807815551758	99.80679321289062
240.0	2561.0	1.8403750658035278	100.14238739013672
264.0	0.0	-0.9220173358917236	100.53512573242188
264.0	2536.0	2.1453347206115723	100.75984954833984
264.0	2554.0	-inf	-inf
264.0	2556.0	2.065406322479248	98.55242919921875
264.0	2558.0	2.3942227363586426	99.06501007080078
264.0	2560.0	1.743051290512085	99.81175231933594
264.0	2561.0	1.836743712425232	100.1594467163086
264.0	2562.0	1.8898980617523193	98.14962005615234
288.0	0.0	-0.9220032691955566	100.53511810302734
288.0	2536.0	2.5136215686798096	100.7357177734375
288.0	2554.0	-inf	-inf
288.0	2556.0	2.3935954570770264	98.51332092285156
288.0	2558.0	2.4260125160217285	99.0479736328125
288.0	2560.0	1.7273781299591064	99.81986236572266
288.0	2561.0	1.8240891695022583	100.15558624267578
288.0	2562.0	2.0645787715911865	98.06547546386719
312.0	0.0	-0.9220594167709351	100.5351333618164
312.0	2536.0	2.747406005859375	100.65557098388672
312.0	2554.0	-inf	-inf
312.0	2556.0	2.6403589248657227	98.47068786621094
312.0	2558.0	2.4242143630981445	99.04899597167969
312.0	2560.0	1.7244374752044678	99.81957244873047
312.0	2561.0	1.8172333240509033	100.15022277832031
312.0	2562.0	2.161099672317505	98.02557373046875
336.0	0.0	-0.9220032691955566	100.53511810302734
336.0	2536.0	3.0166585445404053	100.6820068359375
336.0	2554.0	-inf	-inf
336.0	2556.0	2.906547784805298	98.4254379272461
336.0	2558.0	5.15528678894043	97.808349609375
336.0	2560.0	1.7180476188659668	99.82626342773438
336.0	2561.0	1.8138728141784668	100.16015625
336.0	2562.0	2.350614070892334	98.07299041748047
360.0	0.0	-0.9218769669532776	100.53507995605469
360.0	2536.0	3.0748374462127686	100.72848510742188
360.0	2554.0	-inf	-inf
360.0	2556.0	3.245493173599243	98.38946533203125
360.0	2560.0	1.7173229455947876	99.82810974121094
360.0	2561.0	1.802969217300415	100.16231536865234
360.0	2562.0	2.6023271083831787	98.08648681640625
384.0	0.0	-0.9218629002571106	100.53507995605469
384.0	2536.0	3.010288953781128	100.73884582519531
384.0	2554.0	-inf	-inf
384.0	2556.0	3.428832530975342	98.17987823486328
384.0	2560.0	1.7241967916488647	99.83045196533203
384.0	2561.0	1.8155546188354492	100.17131805419922
384.0	2562.0	2.709275960922241	98.09404754638672
384.0	2564.0	2.069300413131714	99.19525146484375
408.0	0.0	-0.9219050407409668	100.53509521484375
408.0	2536.0	2.981260299682617	100.75563049316406
408.0	2554.0	-inf	-inf
408.0	2556.0	3.7850663661956787	98.00647735595703
408.0	2560.0	1.7299968004226685	99.80908966064453
408.0	2561.0	1.8029452562332153	100.16787719726562
408.0	2562.0	2.804687976837158	98.11894989013672
432.0	0.0	-0.9219751954078674	100.53511047363281
432.0	2536.0	2.9144446849823	100.76620483398438
432.0	2554.0	-inf	-inf
432.0	2560.0	1.7618578672409058	99.75363159179688
432.0	2561.0	1.8138351440429688	100.15435028076172
432.0	2562.0	2.9939613342285156	98.20787811279297
456.0	0.0	-0.9219751954078674	100.53511047363281
456.0	2536.0	2.930072546005249	100.77342224121094
456.0	2554.0	-inf	-inf
456.0	2560.0	1.8469749689102173	99.70733642578125
456.0	2561.0	1.883133888244629	100.15174102783203
456.0	2562.0	3.1851003170013428	98.1582260131836
480.0	0.0	-0.9220594167709351	100.5351333618164
480.0	2536.0	2.905590772628784	100.77973175048828
480.0	2554.0	-inf	-inf
480.0	2560.0	2.5563035011291504	99.43070983886719
480.0	2561.0	2.026836395263672	100.14982604980469
480.0	2562.0	3.3998615741729736	98.098876953125
504.0	0.0	-0.9219751954078674	100.53511047363281
504.0	2536.0	2.8894197940826416	100.78254699707031
504.0	2554.0	-1.1044965982437134	99.8597412109375
504.0	2560.0	2.220594644546509	99.50382232666016
504.0	2561.0	2.342080593109131	100.0958480834961
504.0	2562.0	2.5605592727661133	98.7808837890625
504.0	2565.0	3.5444936752319336	97.84271240234375
504.0	2566.0	-1.2385164499282837	99.89523315429688
528.0	0.0	-0.921933114528656	100.53510284423828
528.0	2536.0	2.893226385116577	100.78646087646484
528.0	2554.0	-0.9290585517883301	99.8570556640625
528.0	2560.0	2.389648914337158	99.36808776855469
528.0	2561.0	2.5461320877075195	99.98644256591797
528.0	2562.0	2.6520497798919678	98.90201568603516
528.0	2565.0	3.7786052227020264	97.65795135498047
528.0	2566.0	-1.5933758020401	99.14309692382812
528.0	2567.0	3.469102382659912	100.26483917236328
552.0	0.0	-0.921919047832489	100.53509521484375
552.0	2536.0	2.9994425773620605	100.7528305053711
552.0	2554.0	-0.8605673313140869	99.70375061035156
552.0	2560.0	2.911102294921875	99.00975799560547
552.0	2561.0	2.8253071308135986	99.82044219970703
552.0	2565.0	2.7535488605499268	98.22089385986328
552.0	2566.0	-1.5439571142196655	99.03521728515625
552.0	2567.0	3.4533474445343018	100.23936462402344
576.0	0.0	-0.9218629002571106	100.53507995605469
576.0	2536.0	3.079728126525879	100.70916748046875
576.0	2554.0	-0.7556052207946777	99.80796813964844
576.0	2560.0	3.1115808486938477	98.76858520507812
576.0	2561.0	3.1166582107543945	99.66912841796875
576.0	2565.0	2.910996675491333	98.11060333251953
576.0	2566.0	-1.3974577188491821	98.90624237060547
576.0	2567.0	3.3391659259796143	100.23377227783203
600.0	0.0	-0.9217787384986877	100.5350570678711
600.0	2536.0	3.369006872177124	100.60269165039062
600.0	2554.0	-0.6323177814483643	99.71133422851562
600.0	2560.0	3.2183127403259277	98.73677062988281
600.0	2561.0	3.509791851043701	99.48741149902344
600.0	2566.0	-1.388367772102356	98.83182525634766
600.0	2567.0	3.1771011352539062	100.22925567626953
624.0	0.0	-0.9217646718025208	100.53504943847656
624.0	2536.0	3.11448335647583	100.43923950195312
624.0	2554.0	-0.6782209277153015	99.71873474121094
624.0	2560.0	3.4615366458892822	98.61986541748047
624.0	2561.0	3.7295315265655518	99.1990737915039
624.0	2566.0	-1.420386791229248	98.9708480834961
648.0	0.0	-0.9215401411056519	100.53498840332031
648.0	2536.0	2.7812387943267822	100.46597290039062
648.0	2554.0	-0.8211178779602051	99.86634063720703
648.0	2560.0	3.7981555461883545	98.35972595214844
648.0	2561.0	4.0297322273254395	98.98171997070312
648.0	2566.0	-1.3979394435882568	99.45064544677734
648.0	2568.0	2.860783815383911	99.81951141357422
672.0	0.0	-0.921441912651062	100.53495788574219
672.0	2536.0	2.529949903488159	100.51106262207031
672.0	2554.0	inf	-inf
672.0	2560.0	4.0507001876831055	98.0772705078125
672.0	2561.0	4.3882222175598145	98.86144256591797
672.0	2566.0	-1.427429437637329	99.4500732421875
672.0	2568.0	2.6241390705108643	99.85894775390625
696.0	0.0	-0.9213576912879944	100.5349349975586
696.0	2536.0	2.317598342895508	100.47520446777344
696.0	2554.0	inf	-inf
696.0	2560.0	4.307944297790527	97.91900634765625
696.0	2561.0	4.3975067138671875	98.72883605957031
696.0	2566.0	-1.2272311449050903	99.91896057128906
696.0	2568.0	2.2794525623321533	99.91915893554688
720.0	0.0	-0.9096566438674927	100.53147888183594
720.0	2536.0	2.013532876968384	100.39435577392578
720.0	2554.0	-1.1023097038269043	99.85967254638672
720.0	2560.0	4.552926540374756	97.68467712402344
720.0	2561.0	4.854882717132568	98.30985260009766
720.0	2568.0	2.1396071910858154	99.91287994384766
744.0	0.0	-0.8282926082611084	100.50611877441406
744.0	2536.0	1.7951587438583374	100.34749603271484
744.0	2554.0	-1.1878485679626465	99.9285659790039
744.0	2560.0	4.864962100982666	97.31320190429688
744.0	2561.0	5.1365766525268555	98.03839111328125
744.0	2568.0	4.584176540374756	99.35587310791016
768.0	0.0	-0.6613205671310425	100.45343780517578
768.0	2536.0	1.797800064086914	100.48551177978516
768.0	2554.0	-1.1563400030136108	99.93690490722656
768.0	2560.0	5.20933723449707	97.36832427978516
768.0	2561.0	5.537832260131836	98.01468658447266
768.0	2568.0	4.5319013595581055	99.4786605834961
792.0	0.0	-0.4816204309463501	100.3982925415039
792.0	2536.0	1.7905620336532593	100.55009460449219
792.0	2554.0	-1.0820859670639038	100.00439453125
792.0	2560.0	5.560948371887207	97.21141815185547
792.0	2561.0	5.892077445983887	97.82620239257812
792.0	2568.0	4.567605972290039	99.4613037109375
792.0	2570.0	-1.1069926023483276	99.19583892822266
792.0	2571.0	5.311282634735107	96.56201171875
792.0	2572.0	1.8037028312683105	100.27947235107422
816.0	0.0	-0.30296650528907776	100.34256744384766
816.0	2536.0	1.6908390522003174	100.57301330566406
816.0	2560.0	5.758105278015137	96.85541534423828
816.0	2561.0	6.072241306304932	97.47047424316406
816.0	2568.0	4.511043548583984	99.35299682617188
816.0	2570.0	-0.9649970531463623	99.20911407470703
816.0	2571.0	5.569453239440918	96.2129135131836
816.0	2572.0	4.690103054046631	99.96685791015625
816.0	2573.0	4.409162998199463	98.94676208496094
840.0	0.0	-0.13154350221157074	100.27328491210938
840.0	2536.0	1.5677738189697266	100.49919891357422
840.0	2561.0	6.294497489929199	97.04818725585938
840.0	2568.0	4.424180507659912	99.09867095947266
840.0	2570.0	-0.8843348026275635	99.20849609375
840.0	2572.0	4.60977840423584	99.70323944091797
840.0	2560.0	6.1015400886535645	96.25862121582031
864.0	0.0	0.02853645384311676	100.18145751953125
864.0	2536.0	1.5781846046447754	100.57754516601562
864.0	2561.0	6.527183532714844	96.9248046875
864.0	2568.0	4.437299728393555	99.0705795288086
864.0	2570.0	-0.797720193862915	99.19496154785156
864.0	2572.0	4.605245113372803	99.6822509765625
864.0	2560.0	6.500053405761719	96.06318664550781
888.0	0.0	0.2107042819261551	100.04622650146484
888.0	2536.0	1.6409571170806885	100.62551879882812
888.0	2561.0	7.13392972946167	97.01190185546875
888.0	2568.0	4.515987396240234	99.2618179321289
888.0	2570.0	-0.6433136463165283	99.16728973388672
888.0	2572.0	4.717008590698242	99.89997863769531
888.0	2560.0	6.77051305770874	96.34420013427734
888.0	2577.0	6.729131698608398	95.54072570800781
912.0	0.0	0.4388129413127899	99.86609649658203
912.0	2536.0	1.673784852027893	100.62742614746094
912.0	2561.0	6.702999114990234	97.42375946044922
912.0	2568.0	4.549328327178955	99.37525939941406
912.0	2570.0	-0.7198267579078674	98.93644714355469
912.0	2572.0	4.705411911010742	100.06727600097656
912.0	2560.0	7.286421298980713	96.43202209472656
912.0	2577.0	7.232690811157227	95.57796478271484
912.0	2576.0	4.4782233238220215	98.96849060058594
936.0	0.0	0.6627086997032166	99.68624877929688
936.0	2536.0	3.661456823348999	102.24585723876953
936.0	2568.0	4.647307872772217	99.30445861816406
936.0	2570.0	-0.7322977185249329	98.9756851196289
936.0	2572.0	4.676442623138428	100.050537109375
936.0	2560.0	7.755258560180664	96.44429016113281
960.0	0.0	0.879984974861145	99.5112075805664
960.0	2536.0	1.8209953308105469	100.61650848388672
960.0	2568.0	4.726988315582275	99.25260925292969
960.0	2570.0	-0.7243202924728394	98.9903793334961
960.0	2572.0	4.687926769256592	100.02796936035156
960.0	2560.0	8.149807929992676	96.2751693725586
960.0	2578.0	8.424483299255371	96.83805847167969
984.0	0.0	1.0213360786437988	99.39832305908203
984.0	2536.0	1.7530663013458252	100.6173095703125
984.0	2568.0	9.575275421142578	99.19066619873047
984.0	2570.0	-0.7018682360649109	99.0394287109375
984.0	2572.0	5.26571798324585	100.2684555053711
984.0	2560.0	8.551362991333008	96.26229095458984
984.0	2578.0	6.788794040679932	97.4815444946289
1008.0	0.0	1.0973334312438965	99.34297943115234
1008.0	2536.0	1.697456955909729	100.65263366699219
1008.0	2568.0	6.9136176109313965	99.38082885742188
1008.0	2572.0	4.842455863952637	100.31034851074219
1008.0	2560.0	8.933348655700684	96.30374145507812
1032.0	0.0	1.1644337177276611	99.30067443847656
1032.0	2536.0	1.6999144554138184	100.6550521850586
1032.0	2568.0	6.78533935546875	99.40226745605469
1032.0	2572.0	4.8490095138549805	100.3156509399414
1056.0	0.0	1.2814533710479736	99.23387908935547
1056.0	2536.0	1.791491150856018	100.61516571044922
1056.0	2568.0	9.59778118133545	99.2315444946289
1056.0	2572.0	5.324217319488525	100.27513885498047
1056.0	2579.0	11.681782722473145	95.71846771240234
1080.0	0.0	1.4994559288024902	99.11148834228516
1080.0	2536.0	1.9103273153305054	100.56476593017578
1080.0	2568.0	4.800065040588379	99.17239379882812
1080.0	2572.0	4.740339756011963	100.02899169921875
1080.0	2580.0	4.699581623077393	98.74309539794922
1104.0	0.0	1.6982035636901855	99.00503540039062
1104.0	2536.0	1.8953733444213867	100.60442352294922
1104.0	2568.0	6.7636895179748535	99.48002624511719
1104.0	2572.0	4.721105575561523	100.10765075683594
1104.0	2580.0	4.709259033203125	98.7700424194336
1128.0	0.0	1.8440370559692383	98.93626403808594
1128.0	2536.0	1.8840540647506714	100.649169921875
1128.0	2568.0	6.5173187255859375	99.57865142822266
1128.0	2572.0	5.338986396789551	100.37309265136719
1128.0	2580.0	4.735214710235596	98.87024688720703
1152.0	0.0	2.06549334526062	98.83784484863281
1152.0	2536.0	1.9881693124771118	100.6640853881836
1152.0	2568.0	4.846418857574463	99.26287841796875
1152.0	2572.0	4.76641845703125	100.01191711425781
1152.0	2582.0	9.594717979431152	94.14283752441406
1176.0	0.0	2.3343276977539062	98.7188949584961
1176.0	2536.0	2.0305404663085938	100.71280670166016
1176.0	2568.0	5.057404041290283	99.35120391845703
1176.0	2572.0	4.76531982421875	99.93875122070312
1200.0	0.0	2.6062841415405273	98.5985107421875
1200.0	2536.0	2.020373582839966	100.73580932617188
1200.0	2568.0	5.08324670791626	99.30973815917969
1200.0	2572.0	4.7980122566223145	99.94125366210938
1200.0	2583.0	6.583790302276611	98.618408203125
1224.0	0.0	2.877863883972168	98.48702239990234
1224.0	2568.0	5.105794906616211	99.4005355834961
1224.0	2572.0	4.7631049156188965	100.01565551757812
1224.0	2583.0	10.265901565551758	99.2586669921875
1248.0	0.0	3.1566436290740967	98.39151763916016
1248.0	2568.0	5.1034040451049805	99.36347961425781
1248.0	2572.0	4.794175148010254	99.99531555175781
1248.0	2583.0	10.301809310913086	99.2807846069336
1248.0	2584.0	6.62865686416626	98.396728515625
1272.0	0.0	3.4382407665252686	98.30815887451172
1272.0	2568.0	5.113140106201172	99.29185485839844
1272.0	2572.0	4.874636173248291	99.95235443115234
1272.0	2583.0	6.656930446624756	98.71232604980469
1272.0	2584.0	6.636498928070068	98.28042602539062
1296.0	0.0	3.718325138092041	98.22772979736328
1296.0	2568.0	5.096153736114502	99.21088409423828
1296.0	2572.0	4.945925235748291	99.92631530761719
1296.0	2583.0	6.650981426239014	98.6435775756836
1296.0	2584.0	6.6529693603515625	98.23372650146484
1320.0	0.0	3.997576951980591	98.14788818359375
1320.0	2568.0	5.158153533935547	99.2271957397461
1320.0	2572.0	4.9992170333862305	99.93305206298828
1320.0	2583.0	6.721267223358154	98.65943145751953
1320.0	2584.0	6.750133514404297	98.20305633544922
1344.0	0.0	4.27660608291626	98.06333923339844
1344.0	2568.0	5.170137405395508	99.16180419921875
1344.0	2572.0	5.081356048583984	99.87815856933594
1344.0	2583.0	6.728156089782715	98.5970687866211
1344.0	2584.0	6.813830375671387	98.17073059082031
1344.0	2587.0	1.8823250532150269	92.55943298339844
1344.0	2588.0	7.053601264953613	97.76866912841797
1344.0	2589.0	6.445540904998779	92.99871826171875
1368.0	0.0	4.553948879241943	97.97200012207031
1368.0	2568.0	5.895122528076172	100.28878784179688
1368.0	2572.0	5.16041898727417	99.88175964355469
1368.0	2583.0	6.711658000946045	98.57645416259766
1368.0	2584.0	6.848331928253174	98.16183471679688
1368.0	2587.0	1.7697588205337524	92.63534545898438
1368.0	2588.0	7.3345208168029785	97.69731903076172
1368.0	2589.0	6.4433393478393555	93.01608276367188
1368.0	2590.0	7.588314533233643	92.15982055664062
1392.0	0.0	4.830082893371582	97.87422180175781
1392.0	2568.0	5.83278226852417	100.45470428466797
1392.0	2572.0	5.230230808258057	99.90189361572266
1392.0	2583.0	6.7228617668151855	98.5655288696289
1392.0	2584.0	6.90273904800415	98.16761016845703
1392.0	2587.0	1.675620436668396	92.71401977539062
1392.0	2589.0	6.4651875495910645	93.06649780273438
1392.0	2590.0	7.602573394775391	92.18968963623047
1392.0	2588.0	10.371970176696777	97.40389251708984
1416.0	0.0	5.097563743591309	97.77250671386719
1416.0	2568.0	5.4021124839782715	99.19070434570312
1416.0	2572.0	5.175382614135742	99.18550109863281
1416.0	2583.0	6.746443748474121	98.53568267822266
1416.0	2584.0	7.037100315093994	98.17144775390625
1416.0	2589.0	6.4938273429870605	93.06851959228516
1416.0	2590.0	7.600675106048584	92.17276763916016
1416.0	2588.0	10.447023391723633	97.36943054199219
1416.0	2587.0	1.3723053932189941	92.97451782226562
1440.0	0.0	5.367636203765869	97.66397094726562
1440.0	2568.0	5.4200568199157715	99.22691345214844
1440.0	2572.0	5.23302698135376	99.19318389892578
1440.0	2583.0	6.77046537399292	98.60480499267578
1440.0	2584.0	7.045460224151611	98.16358947753906
1440.0	2589.0	6.524493217468262	93.09864807128906
1440.0	2590.0	7.636468887329102	92.20443725585938
1440.0	2587.0	1.1124012470245361	93.1703872680664
1464.0	0.0	5.616211414337158	97.56128692626953
1464.0	2568.0	5.391207695007324	99.22323608398438
1464.0	2583.0	6.770120143890381	98.72395324707031
1464.0	2584.0	7.003211975097656	98.19044494628906
1464.0	2589.0	6.676187038421631	93.13674926757812
1464.0	2590.0	7.795514106750488	92.29794311523438
1464.0	2593.0	7.507204532623291	98.69535064697266
1464.0	2587.0	1.0766226053237915	93.215087890625
1488.0	0.0	5.855686664581299	97.47664642333984
1488.0	2568.0	5.3683905601501465	99.26412963867188
1488.0	2583.0	6.816812992095947	98.87425994873047
1488.0	2584.0	7.015529632568359	98.18291473388672
1488.0	2589.0	6.625837802886963	93.14393615722656
1488.0	2590.0	7.727402687072754	92.2286376953125
1488.0	2593.0	7.522336483001709	98.69794464111328
1488.0	2595.0	12.626561164855957	97.50474548339844
1488.0	2596.0	10.67701244354248	98.49718475341797
1512.0	0.0	6.125333786010742	97.37940216064453
1512.0	2568.0	5.335396766662598	99.40943908691406
1512.0	2583.0	6.94802713394165	98.99754333496094
1512.0	2584.0	7.040262699127197	98.07311248779297
1512.0	2589.0	6.515307903289795	93.1302719116211
1512.0	2590.0	7.577096462249756	92.25193786621094
1512.0	2596.0	10.687809944152832	98.32711791992188
1512.0	2595.0	10.399906158447266	97.38780212402344
1536.0	0.0	6.393532752990723	97.26742553710938
1536.0	2583.0	7.091330051422119	99.12174224853516
1536.0	2584.0	7.158620357513428	98.01392364501953
1536.0	2589.0	6.468236446380615	93.15018463134766
1536.0	2590.0	7.479480266571045	92.20470428466797
1536.0	2596.0	10.730081558227539	98.22299194335938
1536.0	2595.0	10.322297096252441	97.27318572998047
1536.0	2598.0	9.378958702087402	94.00943756103516
1560.0	0.0	6.656230926513672	97.1407241821289
1560.0	2583.0	6.903698921203613	98.26781463623047
1560.0	2584.0	inf	inf
1560.0	2589.0	6.5902791023254395	93.1217269897461
1560.0	2590.0	7.603235721588135	92.28323364257812
1560.0	2596.0	10.71774673461914	98.34586334228516
1560.0	2595.0	10.294760704040527	97.4024429321289
1560.0	2598.0	9.085999488830566	94.31864929199219
1560.0	2599.0	1.3108062744140625	93.33089447021484
1584.0	0.0	6.915532112121582	97.00907897949219
1584.0	2583.0	6.989078998565674	98.16921997070312
1584.0	2584.0	7.260635852813721	98.05230712890625
1584.0	2589.0	6.664168357849121	93.03030395507812
1584.0	2590.0	7.318246364593506	94.45034790039062
1584.0	2596.0	10.742177963256836	98.42620086669922
1584.0	2595.0	10.32516098022461	97.39149475097656
1584.0	2598.0	8.83147144317627	94.592041015625
1584.0	2599.0	1.4967461824417114	93.27008819580078
1584.0	2600.0	7.819983005523682	98.49681091308594
1608.0	0.0	7.1755194664001465	96.8741683959961
1608.0	2583.0	7.054382801055908	98.17400360107422
1608.0	2584.0	7.311983108520508	98.0643539428711
1608.0	2589.0	6.65190315246582	93.04706573486328
1608.0	2590.0	7.4171552658081055	94.57674407958984
1608.0	2596.0	10.685205459594727	98.45821380615234
1608.0	2595.0	10.376858711242676	97.39852905273438
1608.0	2598.0	8.496596336364746	94.85203552246094
1608.0	2599.0	1.3251876831054688	93.36675262451172
1608.0	2600.0	7.842065334320068	98.46463775634766
1632.0	0.0	7.4354329109191895	96.73799896240234
1632.0	2583.0	7.106230735778809	98.16617584228516
1632.0	2584.0	7.341419219970703	98.06596374511719
1632.0	2589.0	6.706401348114014	93.00586700439453
1632.0	2596.0	10.608072280883789	98.46607971191406
1632.0	2595.0	10.45160961151123	97.38692474365234
1632.0	2598.0	8.171348571777344	95.16796112060547
1632.0	2599.0	0.992390513420105	93.5235824584961
1632.0	2600.0	7.880980491638184	98.46112823486328
1656.0	0.0	7.6942548751831055	96.60155487060547
1656.0	2584.0	7.3782477378845215	98.10152435302734
1656.0	2596.0	10.488420486450195	98.38622283935547
1656.0	2595.0	10.4957914352417	97.3700942993164
1656.0	2598.0	7.891730785369873	95.30057525634766
1656.0	2600.0	7.914178371429443	98.46715545654297
1656.0	2589.0	6.7229228019714355	93.08583068847656
1680.0	0.0	7.945675849914551	96.45984649658203
1680.0	2596.0	10.571057319641113	98.26994323730469
1680.0	2595.0	10.532938003540039	97.30695343017578
1680.0	2598.0	6.629033088684082	92.19813537597656
1680.0	2600.0	8.029107093811035	98.51484680175781
1680.0	2601.0	11.350824356079102	93.2543716430664
1704.0	0.0	8.170111656188965	96.3016128540039
1704.0	2596.0	10.75271224975586	98.23652648925781
1704.0	2595.0	10.586360931396484	97.16102600097656
1704.0	2598.0	2.7940468788146973	92.1122055053711
1704.0	2600.0	8.10379409790039	98.53780364990234
1704.0	2601.0	11.252100944519043	93.16133117675781
1704.0	2602.0	11.642866134643555	93.84844970703125
1728.0	0.0	8.369377136230469	96.11679077148438
1728.0	2596.0	10.855607986450195	98.19914245605469
1728.0	2595.0	10.58258056640625	97.21315002441406
1728.0	2598.0	6.394711971282959	95.79231262207031
1728.0	2601.0	11.280611038208008	93.16667175292969
1728.0	2602.0	11.957176208496094	93.63005828857422
1728.0	2603.0	11.892805099487305	94.29256439208984
1728.0	2605.0	10.022854804992676	92.18972778320312
1752.0	0.0	8.556827545166016	95.9078140258789
1752.0	2596.0	10.827412605285645	98.23576354980469
1752.0	2595.0	10.633008003234863	97.24246215820312
1752.0	2601.0	11.40388011932373	93.36404418945312
1752.0	2603.0	11.971270561218262	94.5182876586914
1752.0	2605.0	10.530322074890137	91.76704406738281
1752.0	2609.0	12.932487487792969	97.52426147460938
1776.0	0.0	8.752129554748535	95.67793273925781
1776.0	2596.0	10.89706039428711	98.27423095703125
1776.0	2595.0	10.561128616333008	97.17986297607422
1776.0	2601.0	11.439216613769531	93.405517578125
1776.0	2603.0	12.008922576904297	94.5410385131836
1776.0	2605.0	10.576676368713379	91.81692504882812
1776.0	2610.0	13.132108688354492	97.00550842285156
1776.0	2611.0	9.924829483032227	92.2690200805664
1776.0	2609.0	12.940567970275879	97.58794403076172
1800.0	0.0	8.935245513916016	95.45594787597656
1800.0	2596.0	10.925338745117188	98.28264617919922
1800.0	2595.0	10.730428695678711	97.18142700195312
1800.0	2601.0	11.435600280761719	93.39911651611328
1800.0	2603.0	12.00290584564209	94.51641082763672
1800.0	2605.0	10.59072208404541	91.79712677001953
1800.0	2611.0	9.951393127441406	92.28783416748047
1800.0	2609.0	12.941206932067871	97.54755401611328
1800.0	2612.0	7.789233207702637	92.40827178955078
1800.0	2613.0	11.826741218566895	94.13679504394531
1800.0	2610.0	13.197136878967285	97.02445220947266
1824.0	0.0	9.117923736572266	95.22753143310547
1824.0	2596.0	10.933648109436035	98.29817199707031
1824.0	2595.0	10.799630165100098	97.16661834716797
1824.0	2601.0	11.44493579864502	93.41380310058594
1824.0	2603.0	12.019791603088379	94.51599884033203
1824.0	2605.0	10.581916809082031	91.78546142578125
1824.0	2611.0	9.981317520141602	92.29823303222656
1824.0	2612.0	7.824137210845947	92.42039489746094
1824.0	2613.0	11.838777542114258	94.11384582519531
1824.0	2609.0	12.952152252197266	97.51448059082031
1848.0	0.0	9.297016143798828	94.99632263183594
1848.0	2596.0	10.604171752929688	97.66283416748047
1848.0	2595.0	10.781949996948242	97.13957214355469
1848.0	2601.0	11.485269546508789	93.39379119873047
1848.0	2603.0	12.051342010498047	94.48301696777344
1848.0	2605.0	10.599664688110352	91.75447845458984
1848.0	2611.0	9.992838859558105	92.25341796875
1848.0	2612.0	7.83480978012085	92.38040161132812
1848.0	2613.0	11.881705284118652	94.09070587158203
1872.0	0.0	9.468400001525879	94.77166748046875
1872.0	2596.0	10.600228309631348	97.60604095458984
1872.0	2595.0	10.857793807983398	97.12662506103516
1872.0	2601.0	11.344493865966797	93.4688491821289
1872.0	2603.0	12.023406028747559	94.47685241699219
1872.0	2605.0	10.58371353149414	91.8894271850586
1872.0	2611.0	10.020086288452148	92.26742553710938
1872.0	2612.0	7.864311695098877	92.38575744628906
1872.0	2613.0	11.88747787475586	94.11014556884766
1896.0	0.0	9.564387321472168	94.64544677734375
1896.0	2596.0	10.823792457580566	98.41182708740234
1896.0	2595.0	10.826247215270996	97.1821517944336
1896.0	2601.0	11.185296058654785	93.49525451660156
1896.0	2603.0	12.051318168640137	94.54259490966797
1896.0	2605.0	10.598235130310059	91.86283874511719
1896.0	2611.0	9.997110366821289	92.2854995727539
1896.0	2612.0	7.820254802703857	92.43376159667969
1896.0	2613.0	11.875749588012695	94.0921859741211
1920.0	0.0	9.598724365234375	94.60064697265625
1920.0	2596.0	10.665985107421875	98.46976470947266
1920.0	2595.0	10.702237129211426	97.2438735961914
1920.0	2601.0	11.230484962463379	93.47966766357422
1920.0	2603.0	12.072060585021973	94.63121795654297
1920.0	2605.0	10.696798324584961	91.84326171875
1920.0	2611.0	10.0443115234375	92.31140899658203
1920.0	2612.0	7.858850479125977	92.4001693725586
1920.0	2613.0	11.874524116516113	94.1279525756836
1944.0	0.0	9.606830596923828	94.59259033203125
1944.0	2596.0	10.386035919189453	99.81473541259766
1944.0	2595.0	10.372035026550293	97.38843536376953
1944.0	2601.0	13.71291732788086	92.42201232910156
1944.0	2603.0	12.122184753417969	94.91416931152344
1944.0	2605.0	12.479936599731445	89.13282012939453
1944.0	2611.0	10.301414489746094	92.2803726196289
1944.0	2612.0	7.641423225402832	91.4958267211914
1944.0	2613.0	11.867569923400879	94.34469604492188
1944.0	2617.0	6.734396457672119	92.33763885498047
1968.0	0.0	9.61629581451416	94.58696746826172
1968.0	2595.0	10.11787223815918	97.90476989746094
1968.0	2601.0	13.703181266784668	92.41780853271484
1968.0	2603.0	11.659697532653809	94.91610717773438
1968.0	2605.0	12.689849853515625	89.25209045410156
1968.0	2611.0	10.450008392333984	92.13197326660156
1968.0	2612.0	7.948974132537842	91.37266540527344
1968.0	2613.0	11.823286056518555	94.40693664550781
1968.0	2617.0	6.931389808654785	92.23694610595703
1992.0	0.0	9.617936134338379	94.58649444580078
1992.0	2600.0	8.842813491821289	95.98577117919922
1992.0	2601.0	13.55184555053711	92.16254425048828
1992.0	2603.0	12.017258644104004	94.8150634765625
1992.0	2605.0	10.993412971496582	91.78173065185547
1992.0	2611.0	10.23802661895752	92.27651977539062
1992.0	2612.0	7.833400726318359	91.42922973632812
1992.0	2613.0	11.96328353881836	94.18357849121094
1992.0	2621.0	10.585662841796875	99.76824951171875
2016.0	0.0	9.61805248260498	94.58647155761719
2016.0	2600.0	9.090495109558105	96.0379867553711
2016.0	2601.0	11.46033000946045	92.95382690429688
2016.0	2603.0	11.989396095275879	94.50540161132812
2016.0	2605.0	10.560273170471191	91.70719146728516
2016.0	2611.0	9.932127952575684	92.28213500976562
2016.0	2612.0	7.924502849578857	92.36727905273438
2016.0	2613.0	11.920562744140625	93.86260223388672
2016.0	2621.0	10.600229263305664	97.43546295166016
2040.0	0.0	9.617979049682617	94.58647918701172
2040.0	2601.0	11.26223087310791	92.89525604248047
2040.0	2603.0	11.931292533874512	94.5462875366211
2040.0	2605.0	10.36793327331543	92.2397689819336
2040.0	2611.0	9.950601577758789	92.27348327636719
2040.0	2612.0	7.929417133331299	92.35848999023438
2040.0	2613.0	12.10423755645752	93.8735122680664
2040.0	2621.0	10.640575408935547	97.38505554199219
2040.0	2624.0	12.200465202331543	93.55843353271484
2064.0	0.0	9.616004943847656	94.58670806884766
2064.0	2601.0	11.202506065368652	92.88894653320312
2064.0	2603.0	11.81310749053955	94.5847396850586
2064.0	2605.0	10.498597145080566	91.75453186035156
2064.0	2611.0	9.942804336547852	92.36457824707031
2064.0	2612.0	7.938021659851074	92.3491439819336
2064.0	2613.0	12.279013633728027	94.00547790527344
2064.0	2621.0	10.585016250610352	97.41094970703125
2064.0	2624.0	13.498650550842285	93.0579833984375
2064.0	2625.0	9.180630683898926	95.69258880615234
2088.0	0.0	9.546767234802246	94.59398651123047
2088.0	2601.0	11.177827835083008	92.88787078857422
2088.0	2603.0	11.734987258911133	94.64935302734375
2088.0	2605.0	10.49826431274414	91.65460968017578
2088.0	2611.0	9.86784553527832	92.40821838378906
2088.0	2612.0	7.939151763916016	92.33106994628906
2088.0	2613.0	11.75724983215332	94.34623718261719
2088.0	2621.0	10.445517539978027	97.59292602539062
2088.0	2624.0	13.585769653320312	93.13568115234375
2088.0	2625.0	9.170735359191895	95.65678405761719
2112.0	0.0	9.320050239562988	94.60768127441406
2112.0	2601.0	11.086419105529785	92.88504028320312
2112.0	2603.0	11.757698059082031	94.6734390258789
2112.0	2605.0	10.169682502746582	92.17028045654297
2112.0	2611.0	9.757596015930176	92.41228485107422
2112.0	2612.0	7.878361701965332	92.38063049316406
2112.0	2613.0	11.70993423461914	94.3907241821289
2112.0	2619.0	8.519391059875488	95.72987365722656
2112.0	2621.0	10.774187088012695	99.67594146728516
2112.0	2624.0	13.628768920898438	93.1053466796875
2112.0	2625.0	9.059646606445312	95.57122039794922
2136.0	0.0	9.146919250488281	94.61766815185547
2136.0	2601.0	11.088830947875977	92.96802520751953
2136.0	2603.0	11.786309242248535	94.53782653808594
2136.0	2605.0	9.990396499633789	92.4647216796875
2136.0	2611.0	9.759775161743164	92.3725357055664
2136.0	2612.0	7.845237731933594	92.39044189453125
2136.0	2619.0	8.607175827026367	95.71996307373047
2136.0	2621.0	10.795584678649902	99.67924499511719
2136.0	2624.0	13.693364143371582	92.97605895996094
2136.0	2625.0	9.039449691772461	95.44588470458984
2136.0	2626.0	12.952714920043945	97.84601593017578
2160.0	0.0	9.076858520507812	94.62195587158203
2160.0	2601.0	11.035225868225098	93.16322326660156
2160.0	2603.0	11.8540620803833	94.52975463867188
2160.0	2611.0	9.86711597442627	92.40980529785156
2160.0	2612.0	7.8943891525268555	92.35647583007812
2160.0	2619.0	8.631627082824707	95.7235107421875
2160.0	2621.0	10.098844528198242	97.67852783203125
2160.0	2624.0	13.758747100830078	93.02045440673828
2160.0	2625.0	9.087413787841797	95.58240509033203
2160.0	2626.0	12.985647201538086	97.80523681640625
2160.0	2628.0	13.611390113830566	92.60694885253906
2184.0	0.0	9.067728996276855	94.62251281738281
2184.0	2601.0	11.004347801208496	93.32029724121094
2184.0	2603.0	11.861642837524414	94.52366638183594
2184.0	2611.0	9.901440620422363	92.37529754638672
2184.0	2612.0	7.918099403381348	92.33563995361328
2184.0	2619.0	8.825017929077148	95.31398010253906
2184.0	2621.0	10.676665306091309	99.90614318847656
2184.0	2624.0	13.75730037689209	93.04654693603516
2184.0	2625.0	9.429553031921387	97.13706970214844
2184.0	2628.0	13.59351634979248	92.59466552734375
2208.0	0.0	9.06516170501709	94.62267303466797
2208.0	2601.0	10.985954284667969	93.35784912109375
2208.0	2603.0	11.809147834777832	94.52324676513672
2208.0	2611.0	9.915926933288574	92.32223510742188
2208.0	2612.0	7.9199628829956055	92.34481048583984
2208.0	2619.0	8.853950500488281	95.3381118774414
2208.0	2624.0	13.719834327697754	93.08700561523438
2208.0	2625.0	9.774216651916504	96.82504272460938
2208.0	2628.0	13.57395076751709	92.61538696289062
2208.0	2630.0	9.286602020263672	96.75482177734375
2232.0	0.0	9.064797401428223	94.62269592285156
2232.0	2601.0	10.976347923278809	93.36243438720703
2232.0	2603.0	11.855990409851074	94.5087890625
2232.0	2611.0	9.919888496398926	92.27726745605469
2232.0	2612.0	7.921736240386963	92.3436508178711
2232.0	2619.0	8.851927757263184	95.36432647705078
2232.0	2624.0	13.687992095947266	93.10734558105469
2232.0	2625.0	9.810022354125977	95.7552719116211
2232.0	2628.0	13.532530784606934	92.66655731201172
2232.0	2630.0	9.473868370056152	96.3463134765625
2232.0	2632.0	9.063514709472656	96.3424301147461
2256.0	0.0	9.064724922180176	94.62269592285156
2256.0	2601.0	10.982865333557129	93.3577880859375
2256.0	2603.0	11.857980728149414	94.35993957519531
2256.0	2611.0	9.888752937316895	92.2640380859375
2256.0	2612.0	7.911554336547852	92.2817153930664
2256.0	2619.0	8.837947845458984	95.39297485351562
2256.0	2624.0	13.711588859558105	93.08948516845703
2256.0	2625.0	10.239714622497559	96.03252410888672
2256.0	2628.0	13.546603202819824	92.6688003540039
2256.0	2630.0	9.719091415405273	96.34142303466797
2256.0	2632.0	9.271025657653809	96.32486724853516
2256.0	2633.0	10.192538261413574	92.25830078125
2280.0	0.0	9.064666748046875	94.6227035522461
2280.0	2601.0	10.976836204528809	93.35598754882812
2280.0	2603.0	12.017223358154297	94.20773315429688
2280.0	2611.0	9.873223304748535	92.29975891113281
2280.0	2612.0	8.0862455368042	92.22721862792969
2280.0	2619.0	8.720688819885254	95.69114685058594
2280.0	2624.0	11.767741203308105	93.73985290527344
2280.0	2625.0	12.039654731750488	96.59452819824219
2280.0	2628.0	13.549562454223633	92.67068481445312
2280.0	2630.0	11.309386253356934	98.12525177001953
2280.0	2632.0	10.16915512084961	100.00473022460938
2280.0	2633.0	10.248607635498047	92.12044525146484
2304.0	0.0	9.064359664916992	94.62271881103516
2304.0	2601.0	10.972725868225098	93.34313201904297
2304.0	2603.0	12.02962875366211	94.10648345947266
2304.0	2611.0	9.845732688903809	92.33272552490234
2304.0	2612.0	8.144466400146484	92.23572540283203
2304.0	2619.0	8.53876781463623	95.90962219238281
2304.0	2625.0	10.766876220703125	95.36605834960938
2304.0	2630.0	10.294742584228516	95.8183822631836
2304.0	2632.0	10.163424491882324	97.57015991210938
2304.0	2633.0	10.140620231628418	92.29597473144531
2304.0	2634.0	12.20056438446045	94.53880310058594
2328.0	0.0	9.064359664916992	94.62271881103516
2328.0	2601.0	10.971410751342773	93.34476470947266
2328.0	2603.0	11.928982734680176	94.01290130615234
2328.0	2611.0	9.840155601501465	92.32872009277344
2328.0	2612.0	8.32783317565918	92.21215057373047
2328.0	2617.0	7.346033096313477	92.90770721435547
2328.0	2619.0	8.370144844055176	95.82475280761719
2328.0	2625.0	11.0005464553833	95.29988098144531
2328.0	2630.0	12.981223106384277	97.82490539550781
2328.0	2632.0	10.564318656921387	97.56348419189453
2328.0	2633.0	10.096320152282715	92.37683868408203
2328.0	2634.0	12.189207077026367	94.54818725585938
2328.0	2635.0	8.524649620056152	98.50074768066406
2328.0	2624.0	11.839478492736816	93.68277740478516
2328.0	2636.0	9.920289039611816	97.59756469726562
2352.0	0.0	9.064374923706055	94.62271881103516
2352.0	2601.0	10.977683067321777	93.36868286132812
2352.0	2603.0	11.946456909179688	94.04826354980469
2352.0	2611.0	9.878886222839355	92.31775665283203
2352.0	2612.0	8.451964378356934	92.29398345947266
2352.0	2617.0	7.440970420837402	92.94178771972656
2352.0	2619.0	8.215129852294922	95.82256317138672
2352.0	2625.0	10.95844554901123	95.12401580810547
2352.0	2630.0	10.502498626708984	95.47509002685547
2352.0	2632.0	11.966534614562988	98.53260040283203
2352.0	2634.0	12.154742240905762	94.56206512451172
2352.0	2635.0	8.690157890319824	98.2951431274414
2352.0	2624.0	11.856184959411621	93.67980194091797
2352.0	2636.0	9.911808967590332	97.58335876464844
2376.0	0.0	9.064447402954102	94.62271118164062
2376.0	2601.0	11.006631851196289	93.35435485839844
2376.0	2603.0	11.95037841796875	94.05738067626953
2376.0	2611.0	9.885074615478516	92.35811614990234
2376.0	2612.0	8.548296928405762	92.43276977539062
2376.0	2617.0	7.594497203826904	92.97953033447266
2376.0	2625.0	10.67556381225586	95.0362319946289
2376.0	2630.0	10.160205841064453	95.21649932861328
2376.0	2632.0	9.837924003601074	95.3531265258789
2376.0	2634.0	12.17015266418457	94.55551147460938
2376.0	2635.0	8.876891136169434	97.19969177246094
2376.0	2624.0	11.857749938964844	93.68038940429688
2376.0	2636.0	9.977977752685547	97.52591705322266
2376.0	2637.0	8.480530738830566	97.1086654663086
2376.0	2638.0	7.8747406005859375	96.97675323486328
2400.0	0.0	9.064447402954102	94.62271118164062
2400.0	2601.0	11.100683212280273	93.31192779541016
2400.0	2603.0	11.946974754333496	94.0649185180664
2400.0	2611.0	9.882000923156738	92.40377044677734
2400.0	2612.0	8.674046516418457	92.35441589355469
2400.0	2617.0	7.774985313415527	93.0625
2400.0	2632.0	9.7479829788208	95.11077117919922
2400.0	2634.0	12.19692611694336	94.54297637939453
2400.0	2624.0	11.856125831604004	93.67311096191406
2400.0	2636.0	10.062082290649414	97.46846008300781
2400.0	2637.0	8.816519737243652	96.76155090332031
2400.0	2638.0	8.12291145324707	96.87010192871094
2400.0	2639.0	10.486830711364746	97.40605163574219
2400.0	2625.0	9.918366432189941	94.84307098388672
2424.0	0.0	9.064462661743164	94.62271118164062
2424.0	2601.0	11.238879203796387	93.37368774414062
2424.0	2603.0	11.961797714233398	94.06803894042969
2424.0	2611.0	9.867525100708008	92.45378112792969
2424.0	2612.0	8.807829856872559	92.5107650756836
2424.0	2617.0	8.001392364501953	93.00497436523438
2424.0	2632.0	9.748698234558105	94.97561645507812
2424.0	2634.0	9.92203140258789	94.60003662109375
2424.0	2624.0	11.862187385559082	93.67241668701172
2424.0	2636.0	10.941671371459961	99.61723327636719
2424.0	2637.0	9.055259704589844	96.39241790771484
2424.0	2638.0	8.356657981872559	96.69905090332031
2424.0	2639.0	10.477409362792969	97.27315521240234
2448.0	0.0	9.064345359802246	94.62271881103516
2448.0	2601.0	11.320152282714844	93.51838684082031
2448.0	2603.0	11.960407257080078	94.07202911376953
2448.0	2611.0	9.862939834594727	92.48409271240234
2448.0	2612.0	8.868914604187012	92.62054443359375
2448.0	2617.0	8.171733856201172	93.04993438720703
2448.0	2619.0	8.392183303833008	95.51919555664062
2448.0	2632.0	9.988409042358398	95.0482177734375
2448.0	2634.0	12.169629096984863	94.53878784179688
2448.0	2624.0	11.864477157592773	93.67953491210938
2448.0	2636.0	9.761137008666992	96.28144073486328
2448.0	2637.0	9.277074813842773	96.1138687133789
2448.0	2638.0	8.59207534790039	96.6480712890625
2448.0	2640.0	11.352825164794922	96.94378662109375
2472.0	0.0	9.064316749572754	94.62272644042969
2472.0	2601.0	11.325126647949219	93.58973693847656
2472.0	2603.0	11.957119941711426	94.06562805175781
2472.0	2611.0	9.853419303894043	92.50106048583984
2472.0	2612.0	9.06965160369873	92.70902252197266
2472.0	2617.0	8.331581115722656	93.1068115234375
2472.0	2619.0	8.575368881225586	95.26834869384766
2472.0	2632.0	10.17042350769043	95.11409759521484
2472.0	2634.0	11.111557006835938	94.57989501953125
2472.0	2637.0	10.655302047729492	99.73402404785156
2472.0	2638.0	8.72330379486084	96.61544799804688
2472.0	2640.0	10.985322952270508	96.9200668334961
2496.0	0.0	9.064257621765137	94.62272644042969
2496.0	2601.0	11.346898078918457	93.62886047363281
2496.0	2603.0	11.953781127929688	94.07613372802734
2496.0	2611.0	9.86414909362793	92.48245239257812
2496.0	2612.0	9.172831535339355	92.89439392089844
2496.0	2617.0	8.474786758422852	93.16069793701172
2496.0	2619.0	8.643463134765625	95.22643280029297
2496.0	2632.0	10.111175537109375	94.92555236816406
2496.0	2637.0	9.483534812927246	95.37344360351562
2496.0	2638.0	8.924582481384277	96.47718811035156
2496.0	2640.0	9.562155723571777	95.3139419555664
2496.0	2641.0	9.400120735168457	96.75547790527344
2496.0	2642.0	8.179266929626465	97.80339813232422
2496.0	2634.0	10.064506530761719	94.59522247314453
2520.0	0.0	9.064301490783691	94.62272644042969
2520.0	2601.0	11.35299015045166	93.61766815185547
2520.0	2603.0	11.946749687194824	94.07077026367188
2520.0	2611.0	9.898149490356445	92.49243927001953
2520.0	2612.0	9.359231948852539	92.94876098632812
2520.0	2617.0	8.66193962097168	93.16258239746094
2520.0	2619.0	8.64099407196045	95.23894500732422
2520.0	2632.0	10.20346736907959	94.87073516845703
2520.0	2637.0	9.589104652404785	95.1765365600586
2520.0	2638.0	8.98454475402832	96.35050964355469
2520.0	2641.0	9.580856323242188	96.60005950927734
2520.0	2643.0	10.045201301574707	96.4474868774414
2544.0	0.0	9.064199447631836	94.62273406982422
2544.0	2601.0	11.351785659790039	93.60041046142578
2544.0	2603.0	11.959284782409668	94.07330322265625
2544.0	2611.0	9.91572093963623	92.618896484375
2544.0	2612.0	9.49707317352295	92.95216369628906
2544.0	2617.0	8.778036117553711	93.09611511230469
2544.0	2619.0	8.647950172424316	95.24887084960938
2544.0	2632.0	9.741334915161133	94.70369720458984
2544.0	2637.0	11.859643936157227	96.02984619140625
2544.0	2638.0	9.085015296936035	96.29834747314453
2544.0	2641.0	10.04473876953125	97.0583724975586
2568.0	0.0	9.064170837402344	94.62273406982422
2568.0	2601.0	9.809560775756836	94.27650451660156
2568.0	2612.0	9.677138328552246	93.02236938476562
2568.0	2617.0	8.882612228393555	93.09573364257812
2568.0	2619.0	8.572816848754883	95.38240051269531
2568.0	2637.0	10.02961540222168	94.49504852294922
2568.0	2638.0	9.217510223388672	96.43196868896484
2568.0	2641.0	11.57081413269043	99.32649993896484
2568.0	2646.0	9.0115966796875	96.38167572021484
2568.0	2647.0	10.629754066467285	95.25848388671875
2568.0	2648.0	9.66314697265625	96.52739715576172
2568.0	2650.0	10.681211471557617	94.9178466796875
2592.0	0.0	9.064170837402344	94.62273406982422
2592.0	2612.0	9.771422386169434	93.10134887695312
2592.0	2617.0	8.979314804077148	93.17610168457031
2592.0	2619.0	8.478489875793457	95.53691864013672
2592.0	2637.0	10.205466270446777	94.1084976196289
2592.0	2638.0	9.445025444030762	97.13362121582031
2592.0	2641.0	10.071613311767578	95.94174194335938
2592.0	2647.0	10.56669807434082	95.24077606201172
2592.0	2650.0	10.741747856140137	94.64533996582031
2592.0	2651.0	8.869643211364746	95.98503112792969
2616.0	0.0	9.064257621765137	94.62272644042969
2616.0	2612.0	9.80959415435791	93.13750457763672
2616.0	2617.0	9.053848266601562	93.24801635742188
2616.0	2619.0	8.457466125488281	95.57843017578125
2616.0	2637.0	10.521018981933594	93.73552703857422
2616.0	2638.0	9.808066368103027	97.19512176513672
2616.0	2641.0	12.231466293334961	98.3211669921875
2616.0	2647.0	10.610917091369629	95.24651336669922
2616.0	2650.0	10.82061767578125	94.46163940429688
2616.0	2651.0	9.08460521697998	96.02802276611328
2616.0	2652.0	9.820789337158203	92.46039581298828
2640.0	0.0	9.064214706420898	94.62272644042969
2640.0	2612.0	9.920232772827148	93.14502716064453
2640.0	2617.0	9.111390113830566	93.2717056274414
2640.0	2619.0	8.335339546203613	95.69700622558594
2640.0	2637.0	10.769810676574707	93.39814758300781
2640.0	2638.0	9.567875862121582	95.92604064941406
2640.0	2641.0	10.567550659179688	95.94135284423828
2640.0	2647.0	10.713258743286133	95.15032196044922
2640.0	2650.0	10.967666625976562	94.42813110351562
2640.0	2651.0	9.751877784729004	100.11229705810547
2640.0	2652.0	9.76092529296875	92.82533264160156
2640.0	2653.0	10.639180183410645	94.75190734863281
2640.0	2654.0	11.341862678527832	93.61253356933594
2664.0	0.0	9.064024925231934	94.62274169921875
2664.0	2612.0	9.949281692504883	93.11808776855469
2664.0	2617.0	9.25410270690918	93.25003814697266
2664.0	2619.0	8.199420928955078	95.72948455810547
2664.0	2637.0	10.979402542114258	93.15074157714844
2664.0	2638.0	9.575329780578613	95.62564086914062
2664.0	2641.0	10.65449047088623	95.83819580078125
2664.0	2647.0	10.543022155761719	94.95638275146484
2664.0	2650.0	11.03780746459961	94.35911560058594
2664.0	2651.0	10.541383743286133	99.77806091308594
2664.0	2652.0	9.77114486694336	92.78475952148438
2664.0	2654.0	11.34754753112793	93.63844299316406
2664.0	2655.0	8.737876892089844	97.88798522949219
2664.0	2656.0	10.342589378356934	96.48348999023438
2688.0	0.0	9.063907623291016	94.62274932861328
2688.0	2612.0	9.965587615966797	93.09297180175781
2688.0	2617.0	9.290675163269043	93.26950073242188
2688.0	2619.0	8.202997207641602	95.78571319580078
2688.0	2637.0	11.266044616699219	92.87793731689453
2688.0	2641.0	10.848169326782227	95.9565200805664
2688.0	2647.0	10.385242462158203	94.8819351196289
2688.0	2650.0	11.1080322265625	94.27693176269531
2688.0	2651.0	10.125296592712402	97.07091522216797
2688.0	2652.0	9.775456428527832	92.7239990234375
2688.0	2654.0	10.995584487915039	93.78598022460938
2688.0	2655.0	8.455435752868652	97.94293975830078
2712.0	0.0	9.063762664794922	94.62275695800781
2712.0	2612.0	9.959282875061035	93.0801010131836
2712.0	2617.0	9.340356826782227	93.2726821899414
2712.0	2619.0	8.219290733337402	95.80391693115234
2712.0	2637.0	11.466409683227539	92.73821258544922
2712.0	2641.0	10.979938507080078	96.07567596435547
2712.0	2647.0	10.511039733886719	94.8686294555664
2712.0	2650.0	11.082473754882812	94.16612243652344
2712.0	2651.0	9.86754322052002	95.9827651977539
2712.0	2654.0	10.99411392211914	93.76307678222656
2712.0	2655.0	8.034513473510742	98.1136245727539
2736.0	0.0	9.06360149383545	94.62277221679688
2736.0	2612.0	9.956412315368652	93.07622528076172
2736.0	2617.0	9.414108276367188	93.30168151855469
2736.0	2619.0	8.398919105529785	95.57255554199219
2736.0	2637.0	11.753585815429688	92.64714813232422
2736.0	2641.0	11.158641815185547	96.28703308105469
2736.0	2647.0	10.600083351135254	94.7933578491211
2736.0	2650.0	11.092318534851074	94.07579040527344
2736.0	2651.0	10.205789566040039	96.21768951416016
2736.0	2654.0	10.992513656616211	93.74044799804688
2736.0	2655.0	7.635171413421631	98.25325012207031
2736.0	2657.0	11.288697242736816	99.46421813964844
2760.0	0.0	9.063529014587402	94.62277221679688
2760.0	2612.0	9.95007038116455	93.07264709472656
2760.0	2617.0	9.404197692871094	93.3204345703125
2760.0	2619.0	8.243014335632324	95.6971206665039
2760.0	2637.0	11.49360466003418	92.99736022949219
2760.0	2641.0	10.736346244812012	95.96012115478516
2760.0	2647.0	10.79792308807373	94.69137573242188
2760.0	2650.0	11.10837459564209	94.07435607910156
2760.0	2651.0	10.419506072998047	96.31909942626953
2760.0	2654.0	10.984959602355957	93.70563507080078
2760.0	2655.0	7.898637294769287	97.0648422241211
2760.0	2657.0	11.56689167022705	99.32413482666016
2760.0	2658.0	11.82548713684082	95.94019317626953
2784.0	0.0	9.063441276550293	94.6227798461914
2784.0	2612.0	9.943585395812988	93.08300018310547
2784.0	2617.0	9.407584190368652	93.3048324584961
2784.0	2637.0	11.704242706298828	92.89913940429688
2784.0	2641.0	10.86074447631836	96.10814666748047
2784.0	2647.0	11.0007905960083	94.62774658203125
2784.0	2650.0	11.186368942260742	94.04678344726562
2784.0	2651.0	10.59738826751709	96.46812438964844
2784.0	2654.0	11.079432487487793	93.67667388916016
2784.0	2657.0	11.877548217773438	99.16348266601562
2784.0	2655.0	8.226658821105957	96.23868560791016
2808.0	0.0	9.063353538513184	94.62278747558594
2808.0	2612.0	9.93419361114502	93.09839630126953
2808.0	2617.0	9.41074275970459	93.30569458007812
2808.0	2647.0	11.102066040039062	94.55917358398438
2808.0	2650.0	11.025972366333008	94.12931060791016
2808.0	2651.0	10.993274688720703	96.6563720703125
2808.0	2654.0	11.178999900817871	93.70824432373047
2808.0	2657.0	10.588102340698242	96.96595001220703
2808.0	2655.0	8.362804412841797	96.67835235595703
2832.0	0.0	9.063426971435547	94.6227798461914
2832.0	2612.0	9.92799186706543	93.11077117919922
2832.0	2617.0	9.417888641357422	93.30137634277344
2832.0	2647.0	11.242883682250977	94.59244537353516
2832.0	2650.0	11.390069007873535	94.0354232788086
2832.0	2651.0	11.212947845458984	96.74913024902344
2832.0	2657.0	10.565488815307617	96.90909576416016
2832.0	2655.0	8.602140426635742	96.53770446777344
2832.0	2659.0	12.306354522705078	92.76085662841797
2856.0	0.0	9.063353538513184	94.62278747558594
2856.0	2612.0	9.925309181213379	93.11619567871094
2856.0	2617.0	9.418344497680664	93.30290985107422
2856.0	2647.0	11.324779510498047	94.65507507324219
2856.0	2650.0	11.483437538146973	93.93270874023438
2856.0	2651.0	11.399903297424316	96.84059143066406
2856.0	2657.0	10.446574211120605	96.9906005859375
2856.0	2655.0	8.911588668823242	96.31967163085938
2856.0	2659.0	11.378580093383789	93.35340881347656
2880.0	0.0	9.06320858001709	94.62279510498047
2880.0	2612.0	9.925731658935547	93.11653137207031
2880.0	2617.0	9.421154975891113	93.29546356201172
2880.0	2647.0	11.392610549926758	94.65645599365234
2880.0	2650.0	11.488265037536621	93.81362915039062
2880.0	2651.0	11.003954887390137	96.53462219238281
2880.0	2657.0	10.487717628479004	96.939453125
2880.0	2655.0	9.46134090423584	100.23617553710938
2880.0	2659.0	11.3936767578125	93.42208099365234
2880.0	2660.0	11.197997093200684	94.27044677734375
2904.0	0.0	9.063164710998535	94.62279510498047
2904.0	2612.0	9.925768852233887	93.10063171386719
2904.0	2617.0	9.418204307556152	93.28707885742188
2904.0	2647.0	11.38691234588623	94.50382232666016
2904.0	2650.0	11.446266174316406	93.80804443359375
2904.0	2651.0	12.751839637756348	97.97930145263672
2904.0	2657.0	9.747960090637207	95.70160675048828
2904.0	2655.0	10.573863983154297	99.77130889892578
2904.0	2659.0	11.395097732543945	93.47203063964844
2904.0	2660.0	11.245559692382812	94.27682495117188
2928.0	0.0	9.063033103942871	94.622802734375
2928.0	2612.0	9.923867225646973	93.09962463378906
2928.0	2617.0	9.419075012207031	93.2852783203125
2928.0	2647.0	11.354476928710938	94.3858413696289
2928.0	2650.0	11.173323631286621	93.94107055664062
2928.0	2651.0	10.012118339538574	95.37678527832031
2928.0	2655.0	9.724050521850586	95.72569274902344
2928.0	2659.0	11.368560791015625	93.49069213867188
2928.0	2662.0	11.690312385559082	94.74171447753906
2928.0	2663.0	13.049453735351562	91.86166381835938
2952.0	0.0	9.062931060791016	94.62281036376953
2952.0	2612.0	9.928009033203125	93.0972900390625
2952.0	2617.0	9.429596900939941	93.32548522949219
2952.0	2647.0	11.327713966369629	94.31465148925781
2952.0	2650.0	11.206974029541016	93.9350357055664
2952.0	2655.0	12.471484184265137	98.1530990600586
2952.0	2659.0	11.333428382873535	93.5443344116211
2952.0	2662.0	11.6539945602417	94.70738220214844
2952.0	2664.0	12.49636173248291	90.58958435058594
2952.0	2665.0	10.027626991271973	96.49459075927734
2976.0	0.0	9.06282901763916	94.62281799316406
2976.0	2612.0	9.925106048583984	93.1048812866211
2976.0	2617.0	9.44081974029541	93.37666320800781
2976.0	2647.0	11.356330871582031	94.31793975830078
2976.0	2650.0	11.208215713500977	93.88202667236328
2976.0	2655.0	11.86445426940918	95.8822021484375
2976.0	2659.0	11.340420722961426	93.55243682861328
2976.0	2662.0	10.157699584960938	94.66943359375
2976.0	2664.0	12.230575561523438	90.85407257080078
2976.0	2665.0	9.837447166442871	96.27850341796875
3000.0	0.0	9.06262493133545	94.62283325195312
3000.0	2612.0	9.919222831726074	93.1039810180664
3000.0	2617.0	9.46450138092041	93.4009780883789
3000.0	2647.0	10.347342491149902	94.4358901977539
3000.0	2650.0	11.201261520385742	93.79940795898438
3000.0	2655.0	10.43031120300293	94.69926452636719
3000.0	2664.0	11.917983055114746	91.06926727294922
3000.0	2665.0	9.62405014038086	96.0751724243164
3000.0	2669.0	13.776464462280273	90.48689270019531
3024.0	0.0	9.062406539916992	94.62284851074219
3024.0	2612.0	9.920280456542969	93.10469818115234
3024.0	2617.0	9.480178833007812	93.40254974365234
3024.0	2650.0	10.445213317871094	94.05245971679688
3024.0	2655.0	10.536553382873535	94.23693084716797
3024.0	2664.0	11.610790252685547	91.32955932617188
3024.0	2665.0	10.490043640136719	100.03598022460938
3024.0	2669.0	13.344880104064941	90.66816711425781
3024.0	2670.0	11.299396514892578	93.17916107177734
3024.0	2671.0	11.661724090576172	94.70088195800781
3048.0	0.0	9.06239128112793	94.62284851074219
3048.0	2612.0	9.920965194702148	93.09825897216797
3048.0	2617.0	9.470882415771484	93.39900207519531
3048.0	2655.0	10.694316864013672	93.927978515625
3048.0	2664.0	11.38892936706543	91.60639190673828
3048.0	2665.0	9.278911590576172	95.8956298828125
3048.0	2667.0	8.593827247619629	94.04988098144531
3048.0	2669.0	12.911911010742188	90.83707427978516
3048.0	2671.0	11.656184196472168	94.67945861816406
3048.0	2672.0	11.33449649810791	94.24310302734375
3048.0	2670.0	10.573073387145996	93.65613555908203
3072.0	0.0	9.062318801879883	94.62284851074219
3072.0	2612.0	9.922282218933105	93.10589599609375
3072.0	2617.0	9.465797424316406	93.39521026611328
3072.0	2655.0	10.821916580200195	93.56378936767578
3072.0	2664.0	11.114105224609375	91.81608581542969
3072.0	2665.0	inf	inf
3072.0	2667.0	-inf	-inf
3072.0	2669.0	12.542354583740234	91.12942504882812
3072.0	2671.0	11.642172813415527	94.6800308227539
3072.0	2672.0	11.325579643249512	94.23841094970703
3072.0	2673.0	11.201558113098145	93.84087371826172
3096.0	0.0	9.062187194824219	94.62285614013672
3096.0	2655.0	11.010472297668457	93.22203063964844
3096.0	2664.0	inf	-inf
3096.0	2665.0	8.951183319091797	95.50174713134766
3096.0	2667.0	9.224701881408691	93.96455383300781
3096.0	2669.0	10.803014755249023	92.83748626708984
3096.0	2671.0	11.66297721862793	94.71439361572266
3096.0	2672.0	11.321883201599121	94.26649475097656
3096.0	2673.0	11.369267463684082	93.71148681640625
3120.0	0.0	9.062129020690918	94.62286376953125
3120.0	2665.0	8.816878318786621	95.6107177734375
3120.0	2667.0	9.651161193847656	93.88682556152344
3120.0	2671.0	11.658924102783203	94.71556091308594
3120.0	2672.0	11.324040412902832	94.28055572509766
3120.0	2673.0	11.383562088012695	93.70966339111328
3144.0	0.0	9.062114715576172	94.62286376953125
3144.0	2665.0	8.428631782531738	95.4776382446289
3144.0	2667.0	10.101434707641602	93.77734375
3144.0	2671.0	11.652069091796875	94.73674011230469
3144.0	2672.0	11.322278022766113	94.2823715209961
3144.0	2673.0	11.396275520324707	93.70382690429688
3144.0	2675.0	9.466704368591309	93.40191650390625
3144.0	2676.0	9.931999206542969	93.04731750488281
3168.0	0.0	9.062100410461426	94.62286376953125
3168.0	2667.0	10.318373680114746	93.68162536621094
3168.0	2671.0	11.648972511291504	94.71314239501953
3168.0	2672.0	11.33076286315918	94.28521728515625
3168.0	2673.0	11.39700698852539	93.71675109863281
3168.0	2675.0	9.479381561279297	93.40619659423828
3168.0	2676.0	9.927531242370605	93.0494384765625
3168.0	2677.0	10.553068161010742	92.69690704345703
