168.0	0.0	-15.5720853805542	-9.27417278289795
168.0	0.0	-15.5720853805542	-9.27417278289795
192.0	0.0	-15.5720853805542	-9.27417278289795
192.0	3216.0	-15.280390739440918	-3.791591167449951
192.0	3233.0	-12.354561805725098	-8.596952438354492
192.0	3249.0	-11.37582015991211	-5.721698760986328
216.0	0.0	-15.572131156921387	-9.274247169494629
216.0	3253.0	-16.123138427734375	-7.219773292541504
216.0	3254.0	-16.851608276367188	-8.68896198272705
216.0	3255.0	-17.5520076751709	-9.555081367492676
216.0	3251.0	-13.89965534210205	-4.501455307006836
240.0	0.0	-15.572138786315918	-9.274259567260742
240.0	3253.0	-16.056964874267578	-7.104253768920898
240.0	3254.0	-16.846052169799805	-8.694099426269531
240.0	3255.0	-17.53832244873047	-9.551953315734863
240.0	3256.0	-10.04057502746582	-9.086334228515625
264.0	0.0	-15.57209300994873	-9.274185180664062
264.0	3253.0	-15.863018035888672	-7.3079047203063965
264.0	3254.0	-16.809873580932617	-8.705492973327637
264.0	3255.0	-17.532012939453125	-9.553386688232422
264.0	3256.0	-10.036495208740234	-9.040154457092285
264.0	3257.0	-13.645169258117676	-5.717223167419434
288.0	0.0	-15.572054862976074	-9.27412223815918
288.0	3253.0	-15.755606651306152	-7.497864723205566
288.0	3254.0	-16.636978149414062	-8.76820182800293
288.0	3255.0	-17.549406051635742	-9.558570861816406
288.0	3256.0	-10.35271167755127	-9.026872634887695
312.0	0.0	-15.572108268737793	-9.274209976196289
312.0	3253.0	-15.57220458984375	-7.662430286407471
312.0	3254.0	-16.66083335876465	-8.796978950500488
312.0	3255.0	-17.560874938964844	-9.563353538513184
312.0	3256.0	-10.919864654541016	-8.983673095703125
336.0	0.0	-15.572161674499512	-9.274296760559082
336.0	3253.0	-15.348372459411621	-7.760987758636475
336.0	3254.0	-16.658166885375977	-8.80545711517334
336.0	3255.0	-17.57265853881836	-9.566269874572754
336.0	3256.0	-11.448285102844238	-8.982200622558594
360.0	0.0	-15.57215404510498	-9.274284362792969
360.0	3253.0	-15.236013412475586	-7.9045209884643555
360.0	3254.0	-16.65314292907715	-8.791633605957031
360.0	3255.0	-17.574996948242188	-9.564085006713867
360.0	3256.0	-12.010918617248535	-8.968518257141113
360.0	3258.0	-12.261774063110352	-5.719820022583008
384.0	0.0	-15.572161674499512	-9.274296760559082
384.0	3253.0	-15.159494400024414	-8.22899055480957
384.0	3254.0	-16.657573699951172	-8.78233814239502
384.0	3255.0	-17.56721305847168	-9.562090873718262
384.0	3256.0	-12.5285005569458	-8.968159675598145
384.0	3258.0	-11.960826873779297	-5.788490295410156
408.0	0.0	-15.5722074508667	-9.274372100830078
408.0	3253.0	-14.937602043151855	-8.398200988769531
408.0	3254.0	-16.6787166595459	-8.76247787475586
408.0	3255.0	-17.5548152923584	-9.564242362976074
408.0	3256.0	-12.999022483825684	-8.993611335754395
408.0	3258.0	-14.689496040344238	-8.45992374420166
432.0	0.0	-15.572184562683105	-9.274333953857422
432.0	3253.0	-14.883142471313477	-8.543269157409668
432.0	3254.0	-16.690568923950195	-8.769523620605469
432.0	3255.0	-16.81634521484375	-9.472334861755371
432.0	3256.0	-13.344450950622559	-8.888566017150879
456.0	0.0	-15.572192192077637	-9.274347305297852
456.0	3253.0	-14.91544246673584	-8.848139762878418
456.0	3254.0	-16.650693893432617	-8.786170959472656
456.0	3255.0	-16.787893295288086	-9.463386535644531
456.0	3256.0	-14.532017707824707	-8.977018356323242
480.0	0.0	-15.572184562683105	-9.274333953857422
480.0	3253.0	-14.80027961730957	-8.918373107910156
480.0	3254.0	-16.65721893310547	-8.786319732666016
480.0	3255.0	-16.806251525878906	-9.460074424743652
480.0	3259.0	-20.4125919342041	-8.947011947631836
504.0	0.0	-15.572176933288574	-9.274321556091309
504.0	3253.0	-14.579148292541504	-8.921549797058105
504.0	3254.0	-16.7619571685791	-8.750935554504395
504.0	3255.0	-17.563274383544922	-9.57520580291748
504.0	3259.0	-19.934106826782227	-8.988107681274414
504.0	3260.0	-14.457003593444824	-8.25957202911377
528.0	0.0	-15.572161674499512	-9.274296760559082
528.0	3253.0	-14.362564086914062	-9.017404556274414
528.0	3254.0	-16.761533737182617	-8.740654945373535
528.0	3255.0	-17.567846298217773	-9.571561813354492
528.0	3259.0	-19.30363655090332	-9.001448631286621
528.0	3261.0	-14.44422721862793	-8.27350902557373
552.0	0.0	-15.572161674499512	-9.274296760559082
552.0	3253.0	-14.094828605651855	-9.067172050476074
552.0	3254.0	-16.730894088745117	-8.72120475769043
552.0	3255.0	-17.565963745117188	-9.570497512817383
552.0	3259.0	-18.990427017211914	-9.03114128112793
552.0	3261.0	-14.465487480163574	-7.903714656829834
576.0	0.0	-15.572230339050293	-9.274409294128418
576.0	3253.0	-13.855382919311523	-9.176451683044434
576.0	3254.0	-16.719694137573242	-8.743492126464844
576.0	3255.0	-17.570554733276367	-9.567426681518555
576.0	3261.0	-14.445470809936523	-7.576589584350586
576.0	3259.0	-18.586517333984375	-8.9275484085083
600.0	0.0	-15.572222709655762	-9.274396896362305
600.0	3253.0	-13.545506477355957	-9.16454792022705
600.0	3254.0	-16.720172882080078	-8.735230445861816
600.0	3255.0	-17.574508666992188	-9.567959785461426
600.0	3261.0	-14.435275077819824	-7.3913469314575195
600.0	3259.0	-18.171140670776367	-8.889592170715332
600.0	3263.0	-18.33212661743164	-9.178206443786621
600.0	3264.0	-12.153983116149902	-5.974356651306152
624.0	0.0	-15.572253227233887	-9.274446487426758
624.0	3253.0	-13.319220542907715	-9.08603286743164
624.0	3254.0	-16.749980926513672	-8.711015701293945
624.0	3255.0	-17.582948684692383	-9.56576919555664
624.0	3261.0	-14.413646697998047	-7.355419635772705
624.0	3259.0	-17.796567916870117	-8.94948959350586
624.0	3263.0	-17.98879051208496	-9.201691627502441
624.0	3264.0	-12.27500057220459	-5.881345748901367
648.0	0.0	-15.57226848602295	-9.274471282958984
648.0	3253.0	-12.982765197753906	-9.059122085571289
648.0	3254.0	-16.82548713684082	-8.673226356506348
648.0	3255.0	-17.604455947875977	-9.570793151855469
648.0	3261.0	-12.647676467895508	-4.6233415603637695
648.0	3259.0	-17.352855682373047	-9.006559371948242
648.0	3263.0	-17.53828239440918	-9.20352840423584
648.0	3264.0	-14.024688720703125	-7.672119140625
672.0	0.0	-15.572253227233887	-9.274446487426758
672.0	3253.0	-12.795476913452148	-9.136666297912598
672.0	3254.0	-16.910202026367188	-8.622934341430664
672.0	3255.0	-17.59706687927246	-9.56588363647461
672.0	3259.0	-16.957027435302734	-9.064584732055664
696.0	0.0	-15.572321891784668	-9.274558067321777
696.0	3253.0	-12.566605567932129	-9.086938858032227
696.0	3254.0	-16.853469848632812	-8.64099407196045
696.0	3255.0	-17.594287872314453	-9.571549415588379
696.0	3259.0	-16.715740203857422	-9.155010223388672
696.0	3266.0	-13.516758918762207	-7.25222635269165
720.0	0.0	-15.572299003601074	-9.274520874023438
720.0	3253.0	-12.43354320526123	-8.989646911621094
720.0	3254.0	-16.32207489013672	-8.896068572998047
720.0	3255.0	-17.598834991455078	-9.568220138549805
720.0	3259.0	-16.33464813232422	-9.108184814453125
720.0	3266.0	-13.359169006347656	-7.3888421058654785
744.0	0.0	-15.5723295211792	-9.274571418762207
744.0	3253.0	-12.36264419555664	-8.917218208312988
744.0	3255.0	-17.059490203857422	-9.497403144836426
744.0	3259.0	-18.143474578857422	-8.121469497680664
744.0	3266.0	-13.125433921813965	-7.349257946014404
744.0	3267.0	-16.94075584411621	-9.156156539916992
768.0	0.0	-15.572314262390137	-9.274545669555664
768.0	3253.0	-12.256415367126465	-8.914188385009766
768.0	3255.0	-17.586103439331055	-9.572349548339844
768.0	3259.0	-18.41132926940918	-5.519748210906982
768.0	3267.0	-16.55093765258789	-9.174371719360352
768.0	3268.0	-16.610158920288086	-8.778103828430176
792.0	0.0	-15.572352409362793	-9.274608612060547
792.0	3253.0	-12.347354888916016	-8.967272758483887
792.0	3255.0	-17.60524559020996	-9.56618881225586
792.0	3259.0	-15.515742301940918	-8.563850402832031
792.0	3267.0	-16.239198684692383	-9.092041015625
816.0	0.0	-15.572344779968262	-9.274596214294434
816.0	3253.0	-12.492623329162598	-9.025744438171387
816.0	3255.0	-17.604000091552734	-9.574613571166992
816.0	3259.0	-13.846053123474121	-6.170923709869385
816.0	3267.0	-16.822811126708984	-8.42258358001709
816.0	3269.0	-16.661596298217773	-9.081631660461426
840.0	0.0	-15.5723295211792	-9.274571418762207
840.0	3253.0	-12.635419845581055	-8.97689151763916
840.0	3255.0	-17.571086883544922	-9.56455135345459
840.0	3259.0	-14.700911521911621	-8.650476455688477
840.0	3267.0	-18.010128021240234	-4.299138069152832
840.0	3269.0	-16.34489631652832	-8.987110137939453
864.0	0.0	-15.572383880615234	-9.274658203125
864.0	3253.0	-14.371418952941895	-9.094961166381836
864.0	3255.0	-17.583576202392578	-9.562536239624023
864.0	3259.0	-14.348196983337402	-8.791197776794434
864.0	3267.0	-14.530125617980957	-6.37261438369751
864.0	3269.0	inf	inf
888.0	0.0	-15.57233715057373	-9.27458381652832
888.0	3255.0	-17.591629028320312	-9.562323570251465
888.0	3259.0	-14.878523826599121	-9.134105682373047
888.0	3267.0	-14.910653114318848	-8.804140090942383
888.0	3269.0	-18.3436336517334	-5.018640518188477
888.0	3272.0	-16.90724754333496	-8.613903045654297
888.0	3273.0	-14.630597114562988	-6.650902271270752
912.0	0.0	-15.57242202758789	-9.274720191955566
912.0	3255.0	-17.582765579223633	-9.56833553314209
912.0	3259.0	-14.588935852050781	-9.24735164642334
912.0	3267.0	-14.534561157226562	-8.946728706359863
912.0	3269.0	-16.121700286865234	-3.8041532039642334
912.0	3272.0	-16.885478973388672	-8.617827415466309
912.0	3273.0	-15.346455574035645	-8.637417793273926
936.0	0.0	-15.57241439819336	-9.274707794189453
936.0	3255.0	-17.580358505249023	-9.57089614868164
936.0	3267.0	-14.18980884552002	-9.096009254455566
936.0	3269.0	-14.593167304992676	-6.874294757843018
936.0	3272.0	-16.881637573242188	-8.618788719177246
936.0	3274.0	-15.056435585021973	-8.837695121765137
936.0	3275.0	-13.555255889892578	-8.567020416259766
960.0	0.0	-15.57241439819336	-9.274707794189453
960.0	3255.0	-17.59059715270996	-9.570128440856934
960.0	3267.0	-13.942934036254883	-9.244328498840332
960.0	3269.0	-14.762306213378906	-8.559675216674805
960.0	3272.0	-16.89455795288086	-8.608972549438477
960.0	3275.0	-14.860467910766602	-9.014859199523926
960.0	3276.0	-17.831886291503906	-4.211574554443359
960.0	3277.0	-14.581496238708496	-7.140787601470947
984.0	0.0	-15.57242202758789	-9.274720191955566
984.0	3255.0	-17.663881301879883	-9.580450057983398
984.0	3267.0	-13.677111625671387	-9.236106872558594
984.0	3269.0	-14.58527946472168	-8.878138542175293
984.0	3272.0	-16.84578514099121	-8.649251937866211
984.0	3276.0	-17.833097457885742	-4.216365337371826
984.0	3277.0	-14.655793190002441	-7.397432804107666
1008.0	0.0	-15.57242202758789	-9.274720191955566
1008.0	3255.0	-17.75191879272461	-9.523731231689453
1008.0	3267.0	-14.304909706115723	-9.301701545715332
1008.0	3269.0	-14.268871307373047	-9.001931190490723
1008.0	3272.0	-16.82635498046875	-8.67496109008789
1008.0	3277.0	-14.554924011230469	-7.4839253425598145
1008.0	3278.0	-14.106003761291504	-8.527680397033691
1008.0	3279.0	-13.12326431274414	-7.272374153137207
1032.0	0.0	-15.57241439819336	-9.274707794189453
1032.0	3255.0	-17.77454376220703	-9.457221031188965
1032.0	3269.0	-13.924047470092773	-9.118731498718262
1032.0	3272.0	-16.83053970336914	-8.671398162841797
1032.0	3277.0	-14.361351013183594	-7.5229315757751465
1032.0	3278.0	-14.261295318603516	-8.554828643798828
1056.0	0.0	-15.57241439819336	-9.274707794189453
1056.0	3255.0	-17.615262985229492	-9.382437705993652
1056.0	3269.0	-13.611649513244629	-9.071222305297852
1056.0	3272.0	-16.88597869873047	-8.656187057495117
1056.0	3277.0	-14.297263145446777	-7.516828536987305
1056.0	3278.0	-14.408607482910156	-8.515674591064453
1056.0	3280.0	-17.58725929260254	-5.1157684326171875
1080.0	0.0	-15.572429656982422	-9.27473258972168
1080.0	3255.0	-17.60944175720215	-9.326345443725586
1080.0	3269.0	-13.281522750854492	-9.032510757446289
1080.0	3272.0	-17.057350158691406	-8.632603645324707
1080.0	3277.0	-14.429627418518066	-7.451580047607422
1080.0	3278.0	-14.715842247009277	-8.496091842651367
1080.0	3280.0	-18.12281608581543	-4.360398769378662
1104.0	0.0	-15.572382926940918	-9.274658203125
1104.0	3255.0	-17.59906005859375	-9.265580177307129
1104.0	3269.0	-12.886092185974121	-9.028121948242188
1104.0	3272.0	-17.16673469543457	-8.697281837463379
1104.0	3277.0	-14.546492576599121	-7.472533226013184
1104.0	3278.0	-14.928963661193848	-8.611709594726562
1104.0	3280.0	-18.104190826416016	-4.344244003295898
1128.0	0.0	-15.572399139404297	-9.274682998657227
1128.0	3255.0	-17.622173309326172	-9.239594459533691
1128.0	3269.0	-12.521707534790039	-8.900676727294922
1128.0	3272.0	-17.393095016479492	-8.75390625
1128.0	3277.0	-15.1040678024292	-8.31189250946045
1128.0	3278.0	-15.061210632324219	-8.480795860290527
1128.0	3280.0	-17.986900329589844	-4.287912368774414
1128.0	3282.0	-12.504963874816895	-9.25015926361084
1152.0	0.0	-15.572399139404297	-9.274682998657227
1152.0	3255.0	-17.601661682128906	-9.232988357543945
1152.0	3269.0	-12.135648727416992	-8.878819465637207
1152.0	3272.0	-17.769804000854492	-8.73942756652832
1152.0	3278.0	-15.125053405761719	-8.486985206604004
1152.0	3280.0	-17.906841278076172	-4.252066612243652
1152.0	3282.0	-12.09896469116211	-9.258657455444336
1176.0	0.0	-15.572429656982422	-9.27473258972168
1176.0	3255.0	-17.573637008666992	-9.260049819946289
1176.0	3269.0	-11.718391418457031	-8.86838436126709
1176.0	3272.0	-18.195573806762695	-8.73383903503418
1176.0	3278.0	-15.297472953796387	-8.376009941101074
1176.0	3280.0	-17.905038833618164	-4.247014045715332
1176.0	3282.0	-11.677078247070312	-9.255521774291992
1176.0	3283.0	-14.323392868041992	-7.734199523925781
1176.0	3284.0	-16.364946365356445	-3.8341124057769775
1200.0	0.0	-15.572429656982422	-9.27473258972168
1200.0	3255.0	-17.226072311401367	-9.266279220581055
1200.0	3269.0	-11.3458833694458	-8.78043270111084
1200.0	3272.0	-17.2696533203125	-8.987092971801758
1200.0	3278.0	-15.441438674926758	-8.228046417236328
1200.0	3280.0	-17.94611358642578	-4.270541667938232
1200.0	3282.0	-11.317098617553711	-9.261335372924805
1200.0	3283.0	-14.507458686828613	-7.916924476623535
1200.0	3285.0	-15.049844741821289	-8.069337844848633
1224.0	0.0	-15.572367668151855	-9.274633407592773
1224.0	3255.0	-16.999893188476562	-9.257915496826172
1224.0	3269.0	-10.962316513061523	-8.772547721862793
1224.0	3278.0	-15.624266624450684	-8.04702091217041
1224.0	3280.0	-18.00478172302246	-4.292257785797119
1224.0	3282.0	-10.893160820007324	-9.304526329040527
1224.0	3283.0	-11.725078582763672	-5.34688138961792
1224.0	3285.0	-14.078144073486328	-5.781336784362793
1248.0	0.0	-15.572352409362793	-9.274608612060547
1248.0	3255.0	-16.878252029418945	-9.403038024902344
1248.0	3269.0	-13.953526496887207	-9.104244232177734
1248.0	3278.0	-15.601984977722168	-7.892162322998047
1248.0	3282.0	-10.517128944396973	-9.266409873962402
1248.0	3283.0	-13.145830154418945	-7.981284141540527
1248.0	3280.0	-17.635072708129883	-5.125801086425781
1272.0	0.0	-15.572360038757324	-9.27462100982666
1272.0	3255.0	-16.669601440429688	-9.323229789733887
1272.0	3278.0	-15.55581283569336	-7.8149495124816895
1272.0	3282.0	-13.516681671142578	-9.275748252868652
1272.0	3283.0	-13.645599365234375	-8.856106758117676
1272.0	3280.0	-17.708215713500977	-5.052885055541992
1296.0	0.0	-15.57233715057373	-9.27458381652832
1296.0	3255.0	-16.457029342651367	-9.267510414123535
1296.0	3278.0	-15.555015563964844	-7.696831226348877
1296.0	3283.0	-12.96932601928711	-9.08909797668457
1296.0	3280.0	-18.10664176940918	-4.351953506469727
1320.0	0.0	-15.5723295211792	-9.274571418762207
1320.0	3255.0	-16.439666748046875	-9.193318367004395
1320.0	3278.0	-15.619791030883789	-7.541587829589844
1320.0	3283.0	-12.396970748901367	-9.111882209777832
1320.0	3280.0	-17.92610740661621	-4.800740718841553
1320.0	3287.0	-12.729676246643066	-5.6665425300598145
1344.0	0.0	-15.572321891784668	-9.274559020996094
1344.0	3255.0	-16.715898513793945	-9.156349182128906
1344.0	3278.0	-15.647492408752441	-7.486594200134277
1344.0	3283.0	-11.779383659362793	-9.090084075927734
1344.0	3280.0	-18.122562408447266	-4.697932243347168
1344.0	3287.0	-12.432073593139648	-5.749032497406006
1368.0	0.0	-15.572291374206543	-9.27450942993164
1368.0	3255.0	-17.036365509033203	-9.12413501739502
1368.0	3278.0	-15.646575927734375	-7.4565229415893555
1368.0	3283.0	-11.21000862121582	-9.111268997192383
1368.0	3287.0	-12.185490608215332	-5.834731101989746
1368.0	3288.0	-18.34089469909668	-4.725611209869385
1392.0	0.0	-15.57226848602295	-9.2744722366333
1392.0	3255.0	-17.46626091003418	-9.127102851867676
1392.0	3278.0	-15.581517219543457	-7.470988750457764
1392.0	3283.0	-10.70703125	-9.076802253723145
1392.0	3288.0	-18.348018646240234	-4.88809061050415
1416.0	0.0	-15.572237014770508	-9.274421691894531
1416.0	3255.0	-18.0482234954834	-9.184182167053223
1416.0	3278.0	-15.524024963378906	-7.479546070098877
1416.0	3283.0	-10.258099555969238	-9.094496726989746
1416.0	3288.0	-18.34535789489746	-4.825887203216553
1440.0	0.0	-15.572259902954102	-9.274458885192871
1440.0	3255.0	-18.591720581054688	-9.111841201782227
1440.0	3278.0	-15.458686828613281	-7.474488258361816
1440.0	3283.0	-10.041754722595215	-9.113797187805176
1440.0	3288.0	-18.328826904296875	-4.5340094566345215
1464.0	0.0	-15.57225227355957	-9.274446487426758
1464.0	3255.0	-19.130077362060547	-9.167141914367676
1464.0	3278.0	-15.445981979370117	-7.469315528869629
1464.0	3283.0	-10.038496971130371	-9.09380054473877
1464.0	3288.0	-18.006174087524414	-5.006402492523193
1488.0	0.0	-15.572321891784668	-9.274559020996094
1488.0	3255.0	-19.720380783081055	-9.170621871948242
1488.0	3278.0	-15.438460350036621	-7.431937217712402
1488.0	3283.0	-10.039953231811523	-9.203057289123535
1488.0	3288.0	-17.99439811706543	-5.2849225997924805
1512.0	0.0	-15.57225227355957	-9.274446487426758
1512.0	3255.0	-20.209659576416016	-9.14136028289795
1512.0	3278.0	-15.539861679077148	-7.373050212860107
1512.0	3283.0	-10.037826538085938	-9.216288566589355
1512.0	3288.0	-18.02904510498047	-5.447960376739502
1536.0	0.0	-15.572214126586914	-9.274384498596191
1536.0	3255.0	-20.827957153320312	-9.150337219238281
1536.0	3278.0	-15.599832534790039	-7.353232383728027
1536.0	3283.0	-10.037755012512207	-9.21786880493164
1536.0	3288.0	-17.8984317779541	-5.699210166931152
1560.0	0.0	-15.572214126586914	-9.274384498596191
1560.0	3255.0	-21.163713455200195	-9.086883544921875
1560.0	3278.0	-15.564445495605469	-7.3806891441345215
1560.0	3283.0	-10.042108535766602	-9.18113899230957
1560.0	3288.0	-17.79025650024414	-5.900846004486084
1584.0	0.0	-15.572206497192383	-9.274372100830078
1584.0	3255.0	-21.161640167236328	-9.08295726776123
1584.0	3278.0	-15.564831733703613	-7.388974189758301
1584.0	3283.0	-10.038825988769531	-9.151046752929688
1584.0	3288.0	-17.706117630004883	-6.060953617095947
1608.0	0.0	-15.572206497192383	-9.274372100830078
1608.0	3255.0	-21.16141700744629	-9.076756477355957
1608.0	3278.0	-15.528223037719727	-7.383466720581055
1608.0	3288.0	-17.667116165161133	-6.461240768432617
1608.0	3289.0	-12.442177772521973	-5.855453968048096
1632.0	0.0	-15.572237014770508	-9.274421691894531
1632.0	3255.0	-21.163379669189453	-9.076730728149414
1632.0	3278.0	-15.510335922241211	-7.394010066986084
1632.0	3288.0	-17.6502685546875	-6.609325408935547
1632.0	3289.0	-12.593023300170898	-5.929471015930176
1656.0	0.0	-15.572221755981445	-9.274396896362305
1656.0	3255.0	-21.16463279724121	-9.116337776184082
1656.0	3278.0	-15.485503196716309	-7.402690410614014
1656.0	3288.0	-17.447044372558594	-6.943234920501709
1656.0	3289.0	-12.710761070251465	-5.935451984405518
1680.0	0.0	-15.572175979614258	-9.274322509765625
1680.0	3278.0	-15.50295639038086	-7.391907215118408
1680.0	3288.0	-17.405973434448242	-7.023150444030762
1680.0	3289.0	-12.917641639709473	-5.968973636627197
1704.0	0.0	-15.572068214416504	-9.274148941040039
1704.0	3278.0	-15.51389217376709	-7.38166618347168
1704.0	3288.0	-17.597742080688477	-6.79240083694458
1728.0	0.0	-15.572014808654785	-9.274062156677246
1728.0	3278.0	-15.536029815673828	-7.366691589355469
1728.0	3288.0	-17.67392349243164	-6.51628303527832
1752.0	0.0	-15.571998596191406	-9.274036407470703
1752.0	3278.0	-15.573911666870117	-7.332333564758301
1752.0	3288.0	-17.85235595703125	-6.297765731811523
1752.0	3290.0	-17.13568878173828	-9.2514009475708
1752.0	3291.0	-13.761627197265625	-5.949416637420654
1776.0	0.0	-15.571937561035156	-9.273937225341797
1776.0	3278.0	-15.65246868133545	-7.271873474121094
1776.0	3288.0	-18.06856918334961	-6.146971225738525
1776.0	3290.0	-17.445749282836914	-9.152836799621582
1776.0	3291.0	-14.015835762023926	-5.9102911949157715
1800.0	0.0	-15.571968078613281	-9.27398681640625
1800.0	3278.0	-15.695441246032715	-7.193965911865234
1800.0	3288.0	-18.428123474121094	-5.539618492126465
1800.0	3290.0	-17.789382934570312	-9.117212295532227
1800.0	3291.0	-14.186383247375488	-5.828736782073975
1824.0	0.0	-15.572037696838379	-9.274099349975586
1824.0	3278.0	-15.60913372039795	-7.062734603881836
1824.0	3288.0	-18.089094161987305	-5.6903815269470215
1824.0	3290.0	-18.145944595336914	-8.955109596252441
1824.0	3291.0	-14.300411224365234	-6.138651371002197
1848.0	0.0	-15.572098731994629	-9.274198532104492
1848.0	3278.0	-15.573609352111816	-6.893465995788574
1848.0	3288.0	-18.222230911254883	-5.376529693603516
1848.0	3290.0	-18.509506225585938	-9.055314064025879
1848.0	3291.0	-14.371788024902344	-6.347237586975098
1872.0	0.0	-15.572068214416504	-9.274148941040039
1872.0	3278.0	-15.51019287109375	-6.781308650970459
1872.0	3288.0	-18.357213973999023	-5.158777236938477
1872.0	3290.0	-18.99272918701172	-9.028300285339355
1872.0	3291.0	-14.455728530883789	-6.604619026184082
1896.0	0.0	-15.572060585021973	-9.274136543273926
1896.0	3278.0	-15.545588493347168	-6.596674919128418
1896.0	3288.0	-18.353506088256836	-5.045917510986328
1896.0	3290.0	-19.427827835083008	-9.065417289733887
1896.0	3291.0	-14.523002624511719	-6.759960651397705
1920.0	0.0	-15.572037696838379	-9.274099349975586
1920.0	3278.0	-15.590354919433594	-6.456600189208984
1920.0	3288.0	-18.347347259521484	-4.637370586395264
1920.0	3290.0	-19.881282806396484	-9.08597183227539
1920.0	3291.0	-14.488407135009766	-6.9234113693237305
1944.0	0.0	-15.57196044921875	-9.273974418640137
1944.0	3278.0	-15.557622909545898	-6.385973930358887
1944.0	3288.0	-18.309316635131836	-4.450195789337158
1944.0	3290.0	-20.351991653442383	-9.050094604492188
1968.0	0.0	-15.5718994140625	-9.27387523651123
1968.0	3278.0	-15.450077056884766	-6.388885974884033
1968.0	3288.0	-18.267850875854492	-4.424623966217041
1968.0	3290.0	-20.879274368286133	-9.02535343170166
1992.0	0.0	-15.571867942810059	-9.273825645446777
1992.0	3278.0	-15.419510841369629	-6.444368839263916
1992.0	3288.0	-18.24388313293457	-4.409148216247559
1992.0	3290.0	-21.156198501586914	-9.005234718322754
2016.0	0.0	-15.571884155273438	-9.273850440979004
2016.0	3278.0	-15.489285469055176	-6.538877487182617
2016.0	3288.0	-18.161861419677734	-4.373752117156982
2016.0	3290.0	-21.15748405456543	-8.991626739501953
2016.0	3292.0	-12.514969825744629	-4.715628623962402
2040.0	0.0	-15.571914672851562	-9.273900032043457
2040.0	3278.0	-15.565230369567871	-6.584305286407471
2040.0	3288.0	-17.95262336730957	-4.270900249481201
2040.0	3292.0	-14.100136756896973	-7.114070892333984
2040.0	3290.0	-21.156333923339844	-9.0516357421875
2064.0	0.0	-15.5718994140625	-9.27387523651123
2064.0	3278.0	-15.609285354614258	-6.544571876525879
2064.0	3292.0	-14.164508819580078	-7.100131988525391
2064.0	3290.0	-21.1611385345459	-9.14205551147461
2088.0	0.0	-15.57187557220459	-9.27383804321289
2088.0	3278.0	-15.555241584777832	-6.508309364318848
2088.0	3292.0	-12.639544486999512	-4.632171154022217
2112.0	0.0	-15.571907043457031	-9.273887634277344
2112.0	3278.0	-15.501779556274414	-6.370719909667969
2112.0	3292.0	-12.482001304626465	-4.730918884277344
2136.0	0.0	-15.57187557220459	-9.27383804321289
2136.0	3278.0	-15.52483081817627	-6.552659034729004
2136.0	3292.0	-12.304710388183594	-4.861438274383545
2160.0	0.0	-15.571852684020996	-9.27380084991455
2160.0	3278.0	-15.608829498291016	-6.737758636474609
2160.0	3292.0	-12.303695678710938	-4.857327938079834
2184.0	0.0	-15.571806907653809	-9.273726463317871
2184.0	3278.0	-15.821420669555664	-6.707398891448975
2184.0	3292.0	-12.318119049072266	-4.851414680480957
2208.0	0.0	-15.571576118469238	-9.273353576660156
2208.0	3278.0	-15.871675491333008	-6.836191177368164
2208.0	3292.0	-12.330262184143066	-4.84680700302124
2232.0	0.0	-15.571568489074707	-9.273341178894043
2232.0	3278.0	-16.053857803344727	-6.841073513031006
2232.0	3292.0	-13.868943214416504	-7.175806999206543
2256.0	0.0	-15.5715913772583	-9.273378372192383
2256.0	3278.0	-16.328203201293945	-6.897304058074951
2256.0	3293.0	-19.730789184570312	-9.368375778198242
2256.0	3292.0	-12.105062484741211	-5.013308525085449
2280.0	0.0	-15.5715913772583	-9.273378372192383
2280.0	3278.0	-16.420988082885742	-6.851552486419678
2280.0	3293.0	-19.201440811157227	-9.4498291015625
2280.0	3292.0	-12.103574752807617	-5.014575481414795
2304.0	0.0	-15.571599006652832	-9.273390769958496
2304.0	3278.0	-16.51459312438965	-6.9079389572143555
2304.0	3293.0	-18.71688461303711	-9.340407371520996
2304.0	3292.0	-12.111245155334473	-5.010847568511963
2328.0	0.0	-15.571599006652832	-9.273390769958496
2328.0	3278.0	-16.399797439575195	-7.026440620422363
2328.0	3293.0	-18.201814651489258	-9.262120246887207
2328.0	3292.0	-12.121305465698242	-4.995196342468262
2352.0	0.0	-15.571622848510742	-9.273427963256836
2352.0	3278.0	-16.322500228881836	-7.167627334594727
2352.0	3293.0	-17.797378540039062	-9.226877212524414
2352.0	3292.0	-13.85147762298584	-7.143746376037598
2376.0	0.0	-15.571630477905273	-9.27344036102295
2376.0	3278.0	-16.326265335083008	-7.169764995574951
2376.0	3293.0	-17.31756591796875	-9.137474060058594
2376.0	3292.0	-12.132268905639648	-4.996382236480713
2400.0	0.0	-15.571576118469238	-9.273353576660156
2400.0	3278.0	-16.307493209838867	-7.330956935882568
2400.0	3293.0	-16.90773582458496	-9.079428672790527
2400.0	3292.0	-12.020974159240723	-5.0276007652282715
2424.0	0.0	-15.571499824523926	-9.273229598999023
2424.0	3278.0	-16.161527633666992	-7.388981342315674
2424.0	3293.0	-16.552114486694336	-8.962777137756348
2424.0	3292.0	-12.012006759643555	-5.037393569946289
2448.0	0.0	-15.57152271270752	-9.273266792297363
2448.0	3278.0	-15.976572036743164	-7.472798824310303
2448.0	3293.0	-18.1309757232666	-7.706244945526123
2448.0	3292.0	-12.10086441040039	-5.016578197479248
2472.0	0.0	-15.57152271270752	-9.273266792297363
2472.0	3278.0	-15.771821975708008	-7.6216325759887695
2472.0	3293.0	-16.188020706176758	-8.606831550598145
2472.0	3292.0	-11.996064186096191	-5.04587459564209
2496.0	0.0	-15.571492195129395	-9.27321720123291
2496.0	3278.0	-15.574938774108887	-7.869147777557373
2496.0	3293.0	-16.25503921508789	-8.25086498260498
2496.0	3292.0	-12.022954940795898	-5.018150806427002
2520.0	0.0	-15.571453094482422	-9.273154258728027
2520.0	3278.0	-15.38868522644043	-8.082756042480469
2520.0	3293.0	-17.889636993408203	-4.2408857345581055
2520.0	3292.0	-12.028575897216797	-5.018401145935059
2544.0	0.0	-15.571430206298828	-9.273117065429688
2544.0	3278.0	-15.162728309631348	-8.132317543029785
2544.0	3293.0	-17.067468643188477	-3.9745001792907715
2544.0	3292.0	-14.681132316589355	-8.219006538391113
2568.0	0.0	-15.571483612060547	-9.27320384979248
2568.0	3278.0	-14.910515785217285	-8.447265625
2568.0	3293.0	-16.46721839904785	-3.846642255783081
2592.0	0.0	-15.571507453918457	-9.273241996765137
2592.0	3278.0	-14.596923828125	-8.452531814575195
2592.0	3293.0	-16.07369041442871	-3.7923545837402344
2616.0	0.0	-15.571515083312988	-9.27325439453125
2616.0	3278.0	-14.404898643493652	-8.442753791809082
2616.0	3293.0	-15.609984397888184	-6.581938743591309
2640.0	0.0	-15.571492195129395	-9.27321720123291
2640.0	3278.0	-14.318017959594727	-8.449809074401855
2640.0	3293.0	-15.574911117553711	-6.379696846008301
2664.0	0.0	-15.571475982666016	-9.273191452026367
2664.0	3278.0	-14.251819610595703	-8.495518684387207
2664.0	3293.0	-15.49337387084961	-6.220668315887451
2664.0	3294.0	-12.129308700561523	-4.99345064163208
2688.0	0.0	-15.571392059326172	-9.273055076599121
2688.0	3278.0	-14.209314346313477	-8.689677238464355
2688.0	3293.0	-15.414817810058594	-6.27161979675293
2688.0	3294.0	-12.125316619873047	-4.991518020629883
2688.0	3295.0	-21.166181564331055	-9.415023803710938
2712.0	0.0	-15.571483612060547	-9.27320384979248
2712.0	3278.0	-14.285764694213867	-8.740163803100586
2712.0	3293.0	-15.397786140441895	-6.290661334991455
2712.0	3294.0	-12.128314018249512	-4.994175910949707
2712.0	3295.0	-21.168386459350586	-9.405837059020996
2736.0	0.0	-15.57153034210205	-9.273279190063477
2736.0	3278.0	-14.312357902526855	-8.770593643188477
2736.0	3293.0	-15.41640567779541	-6.227678298950195
2736.0	3294.0	-12.126160621643066	-4.988638877868652
2736.0	3295.0	-20.664793014526367	-9.406322479248047
2760.0	0.0	-15.571537971496582	-9.27329158782959
2760.0	3278.0	-14.328451156616211	-8.78442096710205
2760.0	3293.0	-15.405012130737305	-6.264393329620361
2760.0	3294.0	-12.132928848266602	-4.9956841468811035
2760.0	3295.0	-19.928163528442383	-9.353343963623047
2784.0	0.0	-15.57144546508789	-9.273141860961914
2784.0	3278.0	-14.322408676147461	-8.777499198913574
2784.0	3293.0	-15.41565990447998	-6.207578182220459
2784.0	3294.0	-12.127634048461914	-4.999685287475586
2784.0	3295.0	-19.16068458557129	-9.313170433044434
2808.0	0.0	-15.571407318115234	-9.273079872131348
2808.0	3278.0	-14.319999694824219	-8.783421516418457
2808.0	3293.0	-15.485106468200684	-6.104737758636475
2808.0	3295.0	-18.634702682495117	-9.311238288879395
2832.0	0.0	-15.571392059326172	-9.273055076599121
2832.0	3278.0	-14.32589054107666	-8.784734725952148
2832.0	3293.0	-15.484107971191406	-5.858678340911865
2832.0	3295.0	-18.114822387695312	-9.243194580078125
2856.0	0.0	-15.571392059326172	-9.273055076599121
2856.0	3278.0	-14.3218412399292	-8.789654731750488
2856.0	3293.0	-15.4675931930542	-5.8071370124816895
2856.0	3295.0	-17.521774291992188	-9.20129680633545
2880.0	0.0	-15.57137680053711	-9.273030281066895
2880.0	3278.0	-14.29128646850586	-8.779929161071777
2880.0	3293.0	-15.46735668182373	-5.829138278961182
2880.0	3295.0	-17.080575942993164	-9.076685905456543
2904.0	0.0	-15.571361541748047	-9.273005485534668
2904.0	3278.0	-14.2810640335083	-8.783284187316895
2904.0	3293.0	-15.487067222595215	-5.850564479827881
2904.0	3295.0	-16.509788513183594	-8.961925506591797
2928.0	0.0	-15.57138442993164	-9.273042678833008
2928.0	3278.0	-14.282499313354492	-8.780501365661621
2928.0	3293.0	-15.494538307189941	-5.7784199714660645
2928.0	3295.0	-18.534351348876953	-7.118597507476807
2928.0	3297.0	-20.6103458404541	-9.22075080871582
2952.0	0.0	-15.571414947509766	-9.273092269897461
2952.0	3278.0	-14.2826509475708	-8.773795127868652
2952.0	3293.0	inf	inf
2952.0	3295.0	-17.804100036621094	-4.204422473907471
2952.0	3297.0	-20.156679153442383	-9.25468921661377
2976.0	0.0	-15.571361541748047	-9.273005485534668
2976.0	3278.0	-14.263028144836426	-8.763442039489746
2976.0	3295.0	-13.825787544250488	-4.5453057289123535
2976.0	3297.0	-19.7767276763916	-9.274267196655273
2976.0	3298.0	-15.140711784362793	-8.734333038330078
3000.0	0.0	-15.57144546508789	-9.273141860961914
3000.0	3295.0	-14.135862350463867	-8.522981643676758
3000.0	3299.0	-15.451651573181152	-5.675671577453613
3000.0	3300.0	-19.34280014038086	-9.251291275024414
3024.0	0.0	-15.571499824523926	-9.273229598999023
3024.0	3295.0	-14.10267448425293	-9.220361709594727
3024.0	3299.0	-15.44902229309082	-5.673860549926758
3024.0	3301.0	-13.877325057983398	-7.150923252105713
3024.0	3302.0	-14.05267333984375	-8.600133895874023
3048.0	0.0	-15.571507453918457	-9.273241996765137
3048.0	3295.0	-13.56686019897461	-9.337836265563965
3048.0	3301.0	-13.860743522644043	-7.1181535720825195
3048.0	3302.0	-14.031900405883789	-8.606609344482422
3048.0	3303.0	-18.442094802856445	-9.198104858398438
3072.0	0.0	-15.571483612060547	-9.27320384979248
3072.0	3295.0	-13.00521469116211	-9.24170207977295
3072.0	3301.0	-13.884832382202148	-7.144952297210693
3072.0	3302.0	-13.968153953552246	-8.532962799072266
3072.0	3303.0	-18.03038787841797	-9.213040351867676
3072.0	3299.0	-15.409012794494629	-5.689457416534424
3096.0	0.0	-15.571414947509766	-9.273092269897461
3096.0	3295.0	-12.412424087524414	-9.215310096740723
3096.0	3301.0	-13.887222290039062	-7.127583026885986
3096.0	3302.0	-13.967180252075195	-8.506839752197266
3096.0	3303.0	-17.62752342224121	-9.192500114440918
3096.0	3299.0	-15.476140022277832	-5.720910549163818
3120.0	0.0	-15.571407318115234	-9.273079872131348
3120.0	3295.0	-11.776450157165527	-9.214202880859375
3120.0	3301.0	-13.88696002960205	-7.11762809753418
3120.0	3302.0	-14.014199256896973	-8.532151222229004
3120.0	3303.0	-17.209007263183594	-9.073185920715332
3120.0	3299.0	-15.433191299438477	-5.758345127105713
3144.0	0.0	-15.571314811706543	-9.272931098937988
3144.0	3295.0	-11.158827781677246	-9.186806678771973
3144.0	3301.0	-13.866567611694336	-7.107969284057617
3144.0	3302.0	-14.215187072753906	-8.604825019836426
3144.0	3303.0	-16.867137908935547	-9.074070930480957
3144.0	3299.0	-15.481368064880371	-5.774620056152344
3168.0	0.0	-15.571200370788574	-9.272744178771973
3168.0	3295.0	-10.56041145324707	-9.20572566986084
3168.0	3301.0	-13.880792617797852	-7.111779689788818
3168.0	3302.0	-14.397144317626953	-8.635605812072754
3168.0	3303.0	-16.506929397583008	-8.947505950927734
3168.0	3299.0	-15.500995635986328	-5.783981800079346
3192.0	0.0	-15.571208000183105	-9.272756576538086
3192.0	3295.0	-10.038711547851562	-9.212577819824219
3192.0	3302.0	-14.499472618103027	-8.641529083251953
3192.0	3303.0	-16.17045021057129	-8.920059204101562
3192.0	3304.0	-20.37293815612793	-9.457103729248047
3192.0	3301.0	-13.887524604797363	-7.126846790313721
3216.0	0.0	-15.571138381958008	-9.272644996643066
3216.0	3295.0	-10.036584854125977	-9.226330757141113
3216.0	3302.0	-14.520955085754395	-8.569587707519531
3216.0	3303.0	-18.4648494720459	-6.139713764190674
3216.0	3301.0	-13.880427360534668	-7.1170172691345215
3216.0	3305.0	-15.411188125610352	-5.716795444488525
3240.0	0.0	-15.571069717407227	-9.272533416748047
3240.0	3295.0	-10.042204856872559	-9.240145683288574
3240.0	3302.0	-14.508137702941895	-8.5454740524292
3240.0	3303.0	-17.61574363708496	-4.131381988525391
3240.0	3301.0	-13.883726119995117	-7.1244120597839355
3240.0	3306.0	-19.276771545410156	-9.38591480255127
3264.0	0.0	-15.571022987365723	-9.27245807647705
3264.0	3295.0	-10.0325288772583	-9.235306739807129
3264.0	3302.0	-15.016752243041992	-8.885211944580078
3264.0	3303.0	-12.728126525878906	-4.573225021362305
3264.0	3306.0	-18.67803382873535	-9.329113960266113
3288.0	0.0	-15.570992469787598	-9.272408485412598
3288.0	3303.0	-14.738435745239258	-8.84830379486084
3288.0	3306.0	-18.218460083007812	-9.298579216003418
3288.0	3307.0	-15.396880149841309	-5.601095199584961
3288.0	3308.0	-14.732101440429688	-8.17825698852539
3312.0	0.0	-15.570984840393066	-9.272396087646484
3312.0	3303.0	-14.293641090393066	-8.901822090148926
3312.0	3306.0	-17.7381591796875	-9.226038932800293
3312.0	3307.0	-15.363837242126465	-5.6148152351379395
3312.0	3309.0	-14.613534927368164	-8.363448143005371
3336.0	0.0	-15.570984840393066	-9.272396087646484
3336.0	3303.0	-13.886874198913574	-9.015032768249512
3336.0	3306.0	-17.28546142578125	-9.206585884094238
3336.0	3309.0	-14.671163558959961	-8.328316688537598
3360.0	0.0	-15.570977210998535	-9.272383689880371
3360.0	3303.0	-13.495161056518555	-9.075431823730469
3360.0	3306.0	-16.850191116333008	-9.158909797668457
3360.0	3309.0	-14.695252418518066	-8.333405494689941
3384.0	0.0	-15.570992469787598	-9.272408485412598
3384.0	3303.0	-13.086585998535156	-9.006732940673828
3384.0	3306.0	-16.5710391998291	-9.113393783569336
3384.0	3309.0	-14.757514953613281	-8.292186737060547
3408.0	0.0	-15.571015357971191	-9.272445678710938
3408.0	3303.0	-12.660247802734375	-9.040199279785156
3408.0	3306.0	-16.397171020507812	-8.965389251708984
3408.0	3309.0	-14.764997482299805	-8.239960670471191
3408.0	3311.0	-15.326888084411621	-3.779780149459839
3432.0	0.0	-15.571030616760254	-9.272470474243164
3432.0	3303.0	-12.248581886291504	-9.056970596313477
3432.0	3306.0	-18.517438888549805	-7.164700984954834
3432.0	3309.0	-14.820161819458008	-8.243501663208008
3432.0	3311.0	-15.28991413116455	-3.7835469245910645
3456.0	0.0	-15.571062088012695	-9.272521018981934
3456.0	3303.0	-11.834877014160156	-8.989904403686523
3456.0	3306.0	-18.356426239013672	-4.887059211730957
3456.0	3309.0	-14.912773132324219	-8.30549430847168
3456.0	3311.0	-15.26075267791748	-3.7851696014404297
3480.0	0.0	-15.571054458618164	-9.27250862121582
3480.0	3303.0	-11.415756225585938	-8.983080863952637
3480.0	3306.0	-16.851499557495117	-3.9176931381225586
3480.0	3309.0	-15.032512664794922	-8.299810409545898
3504.0	0.0	-15.571100234985352	-9.2725830078125
3504.0	3303.0	-11.092353820800781	-9.070001602172852
3504.0	3306.0	-15.753921508789062	-7.498413562774658
3504.0	3309.0	-15.112832069396973	-8.283764839172363
3504.0	3312.0	-13.838576316833496	-7.13491153717041
3528.0	0.0	-15.571115493774414	-9.272607803344727
3528.0	3303.0	-10.87004280090332	-9.128406524658203
3528.0	3306.0	-15.648100852966309	-7.528572082519531
3528.0	3309.0	-15.229565620422363	-8.260866165161133
3528.0	3312.0	-13.860053062438965	-7.115184783935547
3552.0	0.0	-15.571100234985352	-9.2725830078125
3552.0	3303.0	-10.204651832580566	-9.183789253234863
3552.0	3309.0	-15.65993881225586	-8.082767486572266
3552.0	3312.0	-13.84876823425293	-7.129274368286133
3576.0	0.0	-15.571062088012695	-9.272521018981934
3576.0	3303.0	-10.03664779663086	-9.21107292175293
3576.0	3309.0	-15.955313682556152	-7.952445983886719
3576.0	3312.0	-13.857139587402344	-7.119924545288086
3576.0	3313.0	-15.297863006591797	-3.7831966876983643
3600.0	0.0	-15.571077346801758	-9.27254581451416
3600.0	3303.0	-10.03687572479248	-9.19424819946289
3600.0	3309.0	-16.274837493896484	-7.826959133148193
3600.0	3312.0	-13.846318244934082	-7.108129978179932
3600.0	3313.0	-14.865219116210938	-3.821942090988159
3624.0	0.0	-15.571022987365723	-9.27245807647705
3624.0	3303.0	-10.040999412536621	-9.175382614135742
3624.0	3309.0	-16.510988235473633	-7.751803874969482
3624.0	3312.0	-13.849418640136719	-7.126039505004883
3624.0	3313.0	-15.09673023223877	-7.4473958015441895
3624.0	3314.0	-15.323737144470215	-3.7819318771362305
3648.0	0.0	-15.571000099182129	-9.272420883178711
3648.0	3303.0	-10.037237167358398	-9.167647361755371
3648.0	3309.0	-16.598453521728516	-7.648852348327637
3648.0	3312.0	-13.840461730957031	-7.138307571411133
3648.0	3313.0	-14.960573196411133	-7.5948486328125
3648.0	3314.0	-15.291145324707031	-3.783432722091675
3672.0	0.0	-15.57094669342041	-9.272334098815918
3672.0	3309.0	-16.600696563720703	-7.607353687286377
3672.0	3312.0	-13.84359359741211	-7.135678768157959
3672.0	3313.0	-14.89808177947998	-7.610245704650879
3672.0	3314.0	-15.282258987426758	-3.7857630252838135
3696.0	0.0	-15.570900917053223	-9.272259712219238
3696.0	3309.0	-16.746400833129883	-7.521124839782715
3696.0	3312.0	-13.852008819580078	-7.110877513885498
3696.0	3313.0	-14.82287311553955	-7.513005256652832
3696.0	3314.0	-15.258038520812988	-3.78507924079895
3720.0	0.0	-15.570854187011719	-9.272185325622559
3720.0	3309.0	-16.830881118774414	-7.560960292816162
3720.0	3312.0	-13.863810539245605	-7.1090521812438965
3720.0	3313.0	-14.809943199157715	-7.432048320770264
3720.0	3314.0	-15.221404075622559	-3.7872002124786377
3744.0	0.0	-15.570808410644531	-9.272109985351562
3744.0	3309.0	-16.818803787231445	-7.5885467529296875
3744.0	3312.0	-13.86458683013916	-7.103219509124756
3744.0	3313.0	-14.750526428222656	-7.4352521896362305
3744.0	3314.0	-15.240777015686035	-3.785910129547119
3768.0	0.0	-15.570770263671875	-9.272047996520996
3768.0	3309.0	-16.86932945251465	-7.558931350708008
3768.0	3312.0	-13.84182071685791	-7.113595485687256
3768.0	3313.0	-14.718728065490723	-7.476277828216553
3768.0	3314.0	-15.232439041137695	-3.7863922119140625
3792.0	0.0	-15.570770263671875	-9.272047996520996
3792.0	3309.0	-18.434907913208008	-5.6626996994018555
3792.0	3312.0	-13.849004745483398	-7.06960391998291
3792.0	3313.0	-14.761577606201172	-7.407860279083252
3792.0	3314.0	-15.2271146774292	-3.786684513092041
