168.0	0.0	-491.8220520019531	509.60992431640625
168.0	0.0	-491.8220520019531	509.6099853515625
192.0	0.0	-491.8220520019531	509.60986328125
216.0	0.0	-491.8220520019531	509.60986328125
240.0	0.0	-491.8220520019531	509.6098937988281
264.0	0.0	-491.8220520019531	509.6098327636719
288.0	0.0	-491.8220520019531	509.6098937988281
312.0	0.0	-491.8220520019531	509.6098937988281
336.0	0.0	-491.8220520019531	509.60992431640625
360.0	0.0	-491.8220520019531	509.60986328125
384.0	0.0	-491.8220520019531	509.6098327636719
408.0	0.0	-491.8220520019531	509.6097106933594
432.0	0.0	-491.8220520019531	509.6096496582031
456.0	0.0	-491.8220520019531	509.60968017578125
480.0	0.0	-491.8220520019531	509.609619140625
504.0	0.0	-491.8220520019531	509.6094970703125
528.0	0.0	-491.8220520019531	509.60955810546875
552.0	0.0	-491.8220520019531	509.60955810546875
576.0	0.0	-491.8220520019531	509.6094970703125
600.0	0.0	-491.8220520019531	509.6094665527344
624.0	0.0	-491.8220520019531	509.6094055175781
648.0	0.0	-491.8220520019531	509.60943603515625
672.0	0.0	-491.8220520019531	509.609375
672.0	3323.0	-493.6408386230469	514.1908569335938
696.0	0.0	-491.8220520019531	509.6092224121094
696.0	3323.0	-494.14031982421875	513.265625
720.0	0.0	-491.8220520019531	509.60931396484375
720.0	3323.0	-500.1047668457031	516.7357788085938
744.0	0.0	-491.8220520019531	509.60931396484375
744.0	3323.0	-504.393310546875	514.3698120117188
768.0	0.0	-491.8220520019531	509.6093444824219
768.0	3323.0	-496.03887939453125	509.9345703125
792.0	0.0	-491.8220520019531	509.60931396484375
792.0	3323.0	-500.51690673828125	509.9399719238281
816.0	0.0	-491.8220520019531	509.6092224121094
816.0	3322.0	-493.8712463378906	507.94451904296875
816.0	3324.0	-489.9803466796875	508.08343505859375
816.0	3323.0	-502.4695739746094	505.6514892578125
840.0	0.0	-491.8220520019531	509.60919189453125
840.0	3321.0	-493.13201904296875	508.4463806152344
840.0	3322.0	-494.2785949707031	508.31719970703125
840.0	3324.0	-489.9985046386719	508.5285949707031
864.0	0.0	-491.8220520019531	509.6091003417969
864.0	3319.0	-490.9496765136719	508.8966369628906
864.0	3321.0	-492.97991943359375	508.8190002441406
864.0	3322.0	-493.89556884765625	508.9117736816406
864.0	3324.0	-490.1452941894531	508.8521423339844
888.0	0.0	-491.8220520019531	509.60894775390625
888.0	3317.0	-492.73992919921875	508.8541564941406
888.0	3319.0	-491.125	509.21661376953125
888.0	3321.0	-492.8639221191406	509.1711120605469
888.0	3322.0	-493.64263916015625	509.28192138671875
888.0	3324.0	-490.2525939941406	509.16241455078125
912.0	0.0	-491.8220520019531	509.6090087890625
912.0	3317.0	-516.8084716796875	497.46929931640625
912.0	3319.0	-478.3868103027344	504.9316101074219
912.0	3321.0	-492.80682373046875	509.4610900878906
912.0	3322.0	-493.6166076660156	509.5636291503906
912.0	3324.0	-491.1291809082031	509.5577087402344
936.0	0.0	-491.8220520019531	509.609130859375
936.0	3317.0	-503.54705810546875	507.58587646484375
936.0	3319.0	-491.1289367675781	509.6571044921875
936.0	3322.0	-492.5965881347656	509.71771240234375
960.0	0.0	-491.8220520019531	509.60919189453125
960.0	3317.0	-500.0159912109375	510.777099609375
960.0	3319.0	-491.11737060546875	509.8475036621094
984.0	0.0	-491.8220520019531	509.6092224121094
984.0	3317.0	-493.7660827636719	510.53607177734375
984.0	3319.0	-490.9746398925781	510.1548156738281
984.0	3326.0	-490.47918701171875	510.0251159667969
1008.0	0.0	-491.8220520019531	509.60919189453125
1008.0	3317.0	-492.97943115234375	510.7538146972656
1008.0	3319.0	-491.16131591796875	510.4683837890625
1008.0	3326.0	-490.56768798828125	510.2657470703125
1008.0	3327.0	-503.095703125	516.34521484375
1032.0	0.0	-491.8220520019531	509.6091003417969
1032.0	3317.0	-492.988525390625	511.2229309082031
1032.0	3319.0	-491.1810302734375	510.79241943359375
1032.0	3326.0	-490.6194152832031	510.6118469238281
1032.0	3327.0	-500.1459045410156	516.5223388671875
1056.0	0.0	-491.8220520019531	509.6090393066406
1056.0	3317.0	-492.9442138671875	511.6610412597656
1056.0	3319.0	-491.42266845703125	511.0505065917969
1056.0	3326.0	-490.6318664550781	510.7282409667969
1056.0	3327.0	-494.53570556640625	512.51416015625
1080.0	0.0	-491.8220520019531	509.6090393066406
1080.0	3317.0	-492.8988952636719	512.06787109375
1080.0	3319.0	-491.5544128417969	511.23895263671875
1080.0	3326.0	-490.6180114746094	510.8019104003906
1080.0	3327.0	-494.22015380859375	512.9115600585938
1080.0	3329.0	-495.9855651855469	514.234130859375
1104.0	0.0	-491.8220520019531	509.6091003417969
1104.0	3317.0	-492.88714599609375	512.5454711914062
1104.0	3319.0	-491.6058349609375	511.5025329589844
1104.0	3326.0	-490.7392272949219	510.8722839355469
1104.0	3327.0	-494.04876708984375	513.4149169921875
1104.0	3330.0	-496.2997741699219	513.6403198242188
1104.0	3329.0	-497.7392272949219	517.3048095703125
1128.0	0.0	-491.8220520019531	509.6091003417969
1128.0	3317.0	-492.8381042480469	512.9703369140625
1128.0	3319.0	-491.6590576171875	511.68035888671875
1128.0	3326.0	-490.9154968261719	510.98736572265625
1128.0	3327.0	-493.6055908203125	513.2801513671875
1128.0	3330.0	-496.0561218261719	513.0646362304688
1128.0	3329.0	-504.7889709472656	529.0830688476562
1152.0	0.0	-491.8220520019531	509.6090087890625
1152.0	3317.0	-492.7988586425781	513.4378051757812
1152.0	3319.0	-491.7384338378906	511.7970886230469
1152.0	3326.0	-491.0816650390625	511.067626953125
1152.0	3327.0	-493.77996826171875	514.1828002929688
1152.0	3330.0	-495.9951477050781	512.587890625
1152.0	3329.0	-500.7165832519531	524.6050415039062
1176.0	0.0	-491.8220520019531	509.6089172363281
1176.0	3317.0	-492.764404296875	513.8447265625
1176.0	3319.0	-491.85333251953125	511.8763732910156
1176.0	3326.0	-491.17706298828125	511.185791015625
1176.0	3327.0	-493.6025390625	514.6064453125
1176.0	3330.0	-495.9407653808594	512.068603515625
1200.0	0.0	-491.8220520019531	509.60888671875
1200.0	3319.0	-491.8975524902344	511.8792419433594
1200.0	3326.0	-491.2543640136719	511.398681640625
1200.0	3327.0	-493.4161376953125	514.5555419921875
1200.0	3330.0	-495.6939392089844	511.6422119140625
1200.0	3329.0	-495.9140319824219	518.418212890625
1200.0	3317.0	-492.7528381347656	514.3699951171875
1224.0	0.0	-491.8220520019531	509.60906982421875
1224.0	3319.0	-491.9344787597656	511.9460144042969
1224.0	3326.0	-491.2902526855469	511.6939697265625
1224.0	3327.0	-493.4310607910156	515.2366943359375
1224.0	3330.0	-495.5879821777344	511.1404113769531
1224.0	3329.0	-500.0528564453125	529.8222045898438
1248.0	0.0	-491.8220520019531	509.60906982421875
1248.0	3319.0	-492.00592041015625	512.2022094726562
1248.0	3326.0	-491.34979248046875	511.96588134765625
1248.0	3327.0	-493.1870422363281	515.3624877929688
1248.0	3330.0	-495.5575866699219	510.72064208984375
1248.0	3329.0	-500.2471923828125	533.8709716796875
1272.0	0.0	-491.8220520019531	509.60894775390625
1272.0	3319.0	-492.02447509765625	512.513427734375
1272.0	3326.0	-491.41943359375	512.2864379882812
1272.0	3327.0	-493.23309326171875	515.8770751953125
1272.0	3330.0	-495.53778076171875	510.2776184082031
1272.0	3329.0	-501.57830810546875	541.1505737304688
1296.0	0.0	-491.8220520019531	509.6090087890625
1296.0	3319.0	-492.1354064941406	512.8795166015625
1296.0	3326.0	-491.44989013671875	512.6296997070312
1296.0	3327.0	-493.2356262207031	516.3513793945312
1296.0	3330.0	-495.4786376953125	509.8637390136719
1296.0	3329.0	-500.241455078125	539.4883422851562
1320.0	0.0	-491.8220520019531	509.6089782714844
1320.0	3319.0	-492.2885437011719	513.3111572265625
1320.0	3326.0	-491.4262390136719	512.9188842773438
1320.0	3330.0	-495.61724853515625	509.44403076171875
1320.0	3329.0	-499.0250244140625	539.7515869140625
1344.0	0.0	-491.8220520019531	509.60894775390625
1344.0	3319.0	-492.334716796875	513.6922607421875
1344.0	3326.0	-491.4627685546875	513.200439453125
1344.0	3330.0	-496.19189453125	509.1750793457031
1344.0	3329.0	-498.6278991699219	539.7948608398438
1368.0	0.0	-491.8220520019531	509.6089782714844
1368.0	3319.0	-492.33721923828125	514.01220703125
1368.0	3326.0	-491.5556945800781	513.5052490234375
1368.0	3330.0	-496.3614807128906	508.719970703125
1368.0	3329.0	-497.85089111328125	539.3400268554688
1368.0	3332.0	-495.8052673339844	508.3702697753906
1392.0	0.0	-491.8220520019531	509.6089782714844
1392.0	3319.0	-492.4656677246094	514.4254150390625
1392.0	3326.0	-491.6954345703125	513.8384399414062
1392.0	3330.0	-496.54083251953125	508.2331237792969
1392.0	3332.0	-495.7966003417969	507.80206298828125
1416.0	0.0	-491.8220520019531	509.6089172363281
1416.0	3319.0	-492.4443054199219	514.6700439453125
1416.0	3326.0	-491.7743835449219	514.22998046875
1416.0	3330.0	-496.5459289550781	507.6473083496094
1416.0	3332.0	-495.8632507324219	507.1983642578125
1440.0	0.0	-491.8220520019531	509.6089782714844
1440.0	3319.0	-492.51019287109375	515.0447387695312
1440.0	3326.0	-491.69671630859375	514.5505981445312
1440.0	3330.0	-496.7587890625	507.213623046875
1440.0	3332.0	-495.9971618652344	506.7058410644531
1464.0	0.0	-491.8220520019531	509.6088562011719
1464.0	3319.0	-492.5749206542969	515.3992309570312
1464.0	3326.0	-491.6494140625	514.88525390625
1464.0	3330.0	-496.7714538574219	506.53167724609375
1464.0	3332.0	-496.0687255859375	506.0462341308594
1488.0	0.0	-491.8220520019531	509.6087951660156
1488.0	3319.0	-492.51800537109375	515.7606201171875
1488.0	3326.0	-491.6266174316406	515.1985473632812
1488.0	3330.0	-496.7197265625	506.01446533203125
1512.0	0.0	-491.8220520019531	509.6086730957031
1512.0	3326.0	-491.5790710449219	515.5107421875
1512.0	3330.0	-496.8201904296875	505.4703063964844
1512.0	3319.0	-494.4559631347656	535.9432373046875
1512.0	3333.0	-490.89483642578125	515.4384765625
1536.0	0.0	-491.8220520019531	509.60870361328125
1536.0	3326.0	-491.4936828613281	515.8270874023438
1560.0	0.0	-491.8220520019531	509.6087341308594
1560.0	3326.0	-491.48150634765625	516.2970581054688
1560.0	3334.0	-490.76171875	516.1503295898438
1560.0	3335.0	-492.3550109863281	516.4850463867188
1584.0	0.0	-491.8220520019531	509.6088562011719
1584.0	3335.0	-493.30328369140625	534.9797973632812
1584.0	3334.0	-490.7226867675781	516.5593872070312
1584.0	3326.0	-491.4757385253906	516.4230346679688
1608.0	0.0	-491.8220520019531	509.60894775390625
1608.0	3335.0	-492.99462890625	539.844970703125
1608.0	3326.0	-491.3041687011719	516.5606079101562
1632.0	0.0	-491.8220520019531	509.6089172363281
1632.0	3335.0	-491.961181640625	517.04248046875
1632.0	3326.0	-491.307373046875	516.8134155273438
1656.0	0.0	-491.8220520019531	509.6089782714844
1680.0	0.0	-491.8220520019531	509.6090087890625
1704.0	0.0	-491.8220520019531	509.6090393066406
1704.0	3336.0	-491.68560791015625	517.7646484375
1728.0	0.0	-491.8220520019531	509.609130859375
1752.0	0.0	-491.8220520019531	509.60919189453125
1776.0	0.0	-491.8220520019531	509.60919189453125
1776.0	3338.0	-491.99224853515625	520.4481811523438
1800.0	0.0	-491.8220520019531	509.6092529296875
1824.0	0.0	-491.8220520019531	509.60919189453125
1848.0	0.0	-491.8220520019531	509.6092224121094
1872.0	0.0	-491.8220520019531	509.609130859375
1896.0	0.0	-491.8220520019531	509.60906982421875
1920.0	0.0	-491.8220520019531	509.6091613769531
1944.0	0.0	-491.8220520019531	509.6092529296875
1968.0	0.0	-491.8220520019531	509.6092529296875
