168.0	0.0	-341.7767333984375	599.5927734375
168.0	0.0	-341.7767333984375	599.5927734375
192.0	0.0	-341.7767333984375	599.5927734375
216.0	0.0	-341.7767028808594	599.5927734375
240.0	0.0	-341.776611328125	599.5927734375
240.0	3371.0	-341.4698181152344	597.7952880859375
240.0	3372.0	-341.6783447265625	601.949462890625
240.0	3373.0	-340.35455322265625	597.7424926757812
240.0	3374.0	-343.6435546875	598.030029296875
240.0	3375.0	-342.16510009765625	601.7781372070312
240.0	3377.0	-340.8653564453125	597.2437133789062
264.0	0.0	-341.7763977050781	599.5927124023438
264.0	3371.0	-341.4757080078125	597.7982177734375
264.0	3374.0	-343.56072998046875	598.0745239257812
264.0	3375.0	-342.1459655761719	601.7509765625
264.0	3377.0	-340.8616638183594	597.2428588867188
264.0	3372.0	-341.6408386230469	601.930419921875
288.0	0.0	-341.7763671875	599.5927124023438
288.0	3371.0	-341.4872131347656	597.7841796875
288.0	3374.0	-343.4010925292969	598.2636108398438
288.0	3375.0	-342.1582336425781	601.7264404296875
288.0	3377.0	-340.86334228515625	597.2485961914062
288.0	3372.0	-341.6400146484375	601.8622436523438
312.0	0.0	-341.7762756347656	599.5926513671875
312.0	3371.0	-341.476318359375	597.7879638671875
312.0	3375.0	-342.1445617675781	601.718017578125
312.0	3377.0	-340.859130859375	597.2459106445312
312.0	3372.0	-341.6258544921875	601.8085327148438
312.0	3379.0	-340.3141174316406	597.644775390625
336.0	0.0	-341.7762756347656	599.5926513671875
336.0	3371.0	-341.47918701171875	597.7935180664062
336.0	3375.0	-342.1631164550781	601.7296142578125
336.0	3377.0	-340.8631591796875	597.2476196289062
336.0	3372.0	-341.5834655761719	601.831298828125
336.0	3379.0	-340.31658935546875	597.657958984375
336.0	3378.0	-342.5612487792969	601.0836791992188
360.0	0.0	-341.7763366699219	599.5927124023438
360.0	3371.0	-341.4704284667969	597.7950439453125
360.0	3375.0	-342.1654968261719	601.7853393554688
360.0	3377.0	-340.8634948730469	597.2442626953125
360.0	3379.0	-340.32879638671875	597.663818359375
384.0	0.0	-341.7763366699219	599.5927124023438
384.0	3371.0	-341.4844970703125	597.7886352539062
384.0	3375.0	-342.1745300292969	601.8223266601562
384.0	3379.0	-340.3326721191406	597.6471557617188
384.0	3372.0	-341.6339416503906	602.0191650390625
384.0	3377.0	-340.8638000488281	597.2462768554688
408.0	0.0	-341.7762145996094	599.5926513671875
408.0	3371.0	-341.4730529785156	597.8026733398438
408.0	3375.0	-342.156005859375	601.8275146484375
408.0	3379.0	-340.33636474609375	597.6492919921875
408.0	3377.0	-340.86090087890625	597.24951171875
432.0	0.0	-341.77618408203125	599.5926513671875
432.0	3371.0	-341.4742431640625	597.7984008789062
432.0	3375.0	-342.0816650390625	601.74609375
432.0	3379.0	-340.349853515625	597.649169921875
456.0	0.0	-341.77618408203125	599.5926513671875
456.0	3371.0	-341.4704284667969	597.7969970703125
456.0	3375.0	-342.0212707519531	601.6432495117188
456.0	3379.0	-340.3467102050781	597.6578369140625
456.0	3377.0	-340.8626403808594	597.2445068359375
456.0	3382.0	-342.53369140625	601.0355834960938
480.0	0.0	-341.77618408203125	599.5926513671875
480.0	3371.0	-341.47320556640625	597.7944946289062
480.0	3375.0	-342.03155517578125	601.6077880859375
480.0	3379.0	-340.3472900390625	597.6560668945312
480.0	3377.0	-340.86474609375	597.2501220703125
504.0	0.0	-341.7763366699219	599.5927124023438
504.0	3371.0	-341.4724426269531	597.7987060546875
504.0	3375.0	-342.00811767578125	601.5885009765625
504.0	3385.0	-342.3153381347656	600.878173828125
528.0	0.0	-341.77630615234375	599.5926513671875
528.0	3371.0	-341.4747314453125	597.79833984375
528.0	3375.0	-342.0212707519531	601.5974731445312
528.0	3385.0	-342.30975341796875	600.8460083007812
552.0	0.0	-341.7762451171875	599.5926513671875
552.0	3371.0	-341.67218017578125	598.9186401367188
552.0	3375.0	-342.0094909667969	601.6807861328125
552.0	3384.0	-342.3299255371094	597.3606567382812
576.0	0.0	-341.7763366699219	599.5927124023438
576.0	3375.0	-342.0029296875	601.7565307617188
576.0	3384.0	-340.8609619140625	597.2452392578125
576.0	3388.0	-345.42547607421875	595.864013671875
600.0	0.0	-341.7763671875	599.5927124023438
600.0	3375.0	-341.9986572265625	601.7811279296875
600.0	3384.0	-337.03009033203125	596.1273803710938
600.0	3388.0	-343.9529113769531	597.52001953125
600.0	3390.0	-341.48388671875	597.7988891601562
624.0	0.0	-341.7762145996094	599.5926513671875
624.0	3375.0	-341.9827575683594	601.8007202148438
624.0	3384.0	-339.95074462890625	599.0388793945312
624.0	3388.0	-343.8172912597656	597.6764526367188
624.0	3390.0	-341.48651123046875	597.7923583984375
624.0	3391.0	-342.6336975097656	602.0658569335938
648.0	0.0	-341.7762145996094	599.5926513671875
648.0	3375.0	-341.9680480957031	601.7960205078125
648.0	3384.0	-339.4189758300781	599.486572265625
648.0	3388.0	-343.7370910644531	597.7546997070312
648.0	3390.0	-341.4820861816406	597.7991333007812
648.0	3391.0	-342.6268310546875	602.06396484375
672.0	0.0	-341.7762451171875	599.5926513671875
672.0	3375.0	-341.9599609375	601.7745971679688
672.0	3384.0	-338.90234375	599.911865234375
672.0	3388.0	-343.7374572753906	597.8590698242188
672.0	3390.0	-341.4866027832031	597.79638671875
672.0	3391.0	-342.6271667480469	602.0723266601562
696.0	0.0	-341.7762756347656	599.5926513671875
696.0	3375.0	-341.88824462890625	601.6868286132812
696.0	3384.0	-338.37664794921875	600.3147583007812
696.0	3388.0	-343.697265625	597.9839477539062
696.0	3390.0	-341.50189208984375	597.7940063476562
696.0	3391.0	-342.64349365234375	602.0751342773438
696.0	3393.0	-340.8590087890625	597.2416381835938
696.0	3394.0	-342.2340393066406	597.3492431640625
720.0	0.0	-341.7762756347656	599.5926513671875
720.0	3375.0	-341.8697204589844	601.6237182617188
720.0	3384.0	-337.8824768066406	600.7955932617188
720.0	3388.0	-343.5067443847656	598.073486328125
720.0	3390.0	-341.5028076171875	597.7978515625
720.0	3391.0	-342.6328430175781	602.072509765625
720.0	3393.0	-340.85638427734375	597.2405395507812
720.0	3394.0	-342.2454833984375	597.3598022460938
744.0	0.0	-341.7762451171875	599.5926513671875
744.0	3375.0	-341.84674072265625	601.6146850585938
744.0	3384.0	-337.34393310546875	601.2363891601562
744.0	3388.0	-343.2485656738281	598.1769409179688
744.0	3390.0	-341.4945373535156	597.7951049804688
744.0	3391.0	-342.6412048339844	602.0844116210938
744.0	3393.0	-340.85595703125	597.24072265625
744.0	3397.0	-336.2257080078125	600.231201171875
744.0	3394.0	-342.2505798339844	597.3485717773438
768.0	0.0	-341.7762145996094	599.5926513671875
768.0	3375.0	-341.8380432128906	601.6429443359375
768.0	3384.0	-337.1963806152344	601.3717041015625
768.0	3388.0	-342.99615478515625	598.2858276367188
768.0	3390.0	-341.48577880859375	597.8045654296875
768.0	3391.0	-342.64141845703125	602.0758666992188
768.0	3397.0	-337.828125	599.940673828125
768.0	3394.0	-342.2477111816406	597.3561401367188
792.0	0.0	-341.7762756347656	599.5926513671875
792.0	3375.0	-341.8562927246094	601.6722412109375
792.0	3388.0	-342.8186340332031	598.4163208007812
792.0	3390.0	-341.47784423828125	597.8018188476562
792.0	3391.0	-342.6378173828125	602.043212890625
792.0	3397.0	-337.8876953125	599.8554077148438
792.0	3394.0	-342.25830078125	597.3583984375
792.0	3393.0	-340.8592224121094	597.2394409179688
816.0	0.0	-341.7763366699219	599.5927124023438
816.0	3375.0	-341.8654479980469	601.6864624023438
816.0	3388.0	-342.5748596191406	598.567138671875
816.0	3390.0	-341.4769592285156	597.7979736328125
816.0	3391.0	-342.0642395019531	600.421142578125
816.0	3397.0	-337.8913879394531	599.7798461914062
816.0	3394.0	-342.24493408203125	597.3515014648438
816.0	3399.0	-341.40472412109375	602.2208862304688
816.0	3393.0	-340.8599853515625	597.24560546875
840.0	0.0	-341.77630615234375	599.5926513671875
840.0	3375.0	-341.86181640625	601.6885986328125
840.0	3388.0	-342.4007568359375	598.66552734375
840.0	3390.0	-341.4836120605469	597.78271484375
840.0	3397.0	-337.8620300292969	599.7930297851562
840.0	3394.0	-342.25994873046875	597.3628540039062
840.0	3399.0	-341.35736083984375	602.2291870117188
840.0	3393.0	-340.8608093261719	597.2453002929688
864.0	0.0	-341.7763977050781	599.5927124023438
864.0	3375.0	-341.8687744140625	601.6817626953125
864.0	3388.0	-342.3403015136719	598.7719116210938
864.0	3390.0	-341.4765930175781	597.7899169921875
864.0	3397.0	-337.84722900390625	599.8150634765625
864.0	3394.0	-342.26708984375	597.3685302734375
864.0	3393.0	-340.860107421875	597.2445678710938
864.0	3399.0	-341.3425598144531	602.240966796875
888.0	0.0	-341.7763977050781	599.5927124023438
888.0	3375.0	-341.80743408203125	600.2700805664062
888.0	3388.0	-342.20648193359375	598.9277954101562
888.0	3390.0	-341.4737548828125	597.786376953125
888.0	3395.0	-inf	inf
888.0	3397.0	-337.8553771972656	599.8160400390625
888.0	3394.0	-342.2637939453125	597.3759765625
888.0	3393.0	-340.8590393066406	597.243896484375
888.0	3399.0	-341.32598876953125	602.2551879882812
888.0	3401.0	-340.3289489746094	597.6787719726562
912.0	0.0	-341.7762756347656	599.5926513671875
912.0	3388.0	-342.1627197265625	599.0150146484375
912.0	3390.0	-341.4773254394531	597.789794921875
912.0	3395.0	-342.7652587890625	605.0933227539062
912.0	3397.0	-337.8710021972656	599.8111572265625
912.0	3394.0	-342.27557373046875	597.3663330078125
912.0	3393.0	-340.85968017578125	597.2435913085938
912.0	3401.0	-340.3243713378906	597.6871948242188
936.0	0.0	-341.7763671875	599.5927124023438
936.0	3388.0	-345.8301696777344	595.3728637695312
936.0	3390.0	-341.47271728515625	597.7905883789062
936.0	3395.0	-340.9130554199219	602.1976318359375
936.0	3397.0	-337.84771728515625	599.8240966796875
936.0	3394.0	-342.2557373046875	597.3578491210938
936.0	3393.0	-340.8680114746094	597.2489013671875
936.0	3401.0	-340.3194274902344	597.6884155273438
936.0	3405.0	-342.4140625	602.1025390625
960.0	0.0	-341.7763977050781	599.5927124023438
960.0	3390.0	-341.47216796875	597.7866821289062
960.0	3395.0	-340.43463134765625	601.20703125
960.0	3397.0	-337.8609924316406	599.8434448242188
960.0	3394.0	-342.27960205078125	597.3590087890625
960.0	3393.0	-340.86163330078125	597.2428588867188
960.0	3401.0	-340.3254699707031	597.6914672851562
960.0	3405.0	-342.4157409667969	602.091796875
960.0	3406.0	-341.87298583984375	601.6915893554688
984.0	0.0	-341.7763977050781	599.5927124023438
984.0	3390.0	-341.4747619628906	597.790283203125
984.0	3395.0	-341.1382751464844	599.85791015625
984.0	3394.0	-342.2805480957031	597.3715209960938
984.0	3393.0	-340.8551330566406	597.2401123046875
984.0	3405.0	-342.4072265625	602.0775146484375
984.0	3406.0	-341.86846923828125	601.6898193359375
1008.0	0.0	-341.7763366699219	599.5927124023438
1008.0	3390.0	-341.48675537109375	597.7862548828125
1008.0	3395.0	-341.0625915527344	599.661865234375
1008.0	3394.0	-342.2718811035156	597.365478515625
1008.0	3393.0	-340.8560791015625	597.2449951171875
1008.0	3405.0	-342.4157409667969	602.0752563476562
1008.0	3406.0	-341.8702392578125	601.6937255859375
1032.0	0.0	-341.7763366699219	599.5927124023438
1032.0	3390.0	-341.48297119140625	597.7888793945312
1032.0	3395.0	-336.26483154296875	598.0982055664062
1032.0	3394.0	-342.2832946777344	597.3516845703125
1032.0	3393.0	-340.8567199707031	597.2426147460938
1032.0	3405.0	-342.4146423339844	602.0797119140625
1032.0	3406.0	-341.8749084472656	601.6800537109375
1056.0	0.0	-341.7763977050781	599.5927124023438
1056.0	3390.0	-341.4730529785156	597.7864990234375
1056.0	3395.0	-337.1316223144531	595.9672241210938
1056.0	3406.0	-341.8754577636719	601.676025390625
1056.0	3411.0	-337.8214416503906	599.8516845703125
1056.0	3412.0	-342.240234375	597.3587036132812
1056.0	3413.0	-342.69677734375	597.4961547851562
1080.0	0.0	-341.772705078125	599.5918579101562
1080.0	3395.0	-341.4828796386719	598.9488525390625
1080.0	3406.0	-341.8802490234375	601.6790161132812
1080.0	3408.0	-342.3570861816406	600.8305053710938
1080.0	3411.0	-337.8035583496094	599.8665161132812
1080.0	3412.0	-342.00115966796875	598.5569458007812
1080.0	3413.0	-342.6746826171875	597.5347290039062
1104.0	0.0	-341.7435607910156	599.5861206054688
1104.0	3395.0	-341.4638671875	597.7879638671875
1104.0	3406.0	-341.9639892578125	601.727294921875
1104.0	3408.0	-342.49200439453125	601.0081787109375
1104.0	3411.0	-336.45367431640625	600.20654296875
1128.0	0.0	-341.4303283691406	599.5889282226562
1128.0	3395.0	-341.2586669921875	597.8616333007812
1128.0	3406.0	-342.35968017578125	602.1632080078125
1128.0	3408.0	-343.0597229003906	601.3361206054688
1128.0	3411.0	-336.0603942871094	601.4074096679688
1128.0	3416.0	-342.5652160644531	601.46728515625
1128.0	3417.0	-340.21258544921875	596.6240844726562
1152.0	0.0	-341.21856689453125	599.6201171875
1152.0	3406.0	-341.7271423339844	601.73095703125
1152.0	3408.0	-342.6813659667969	601.733154296875
1152.0	3415.0	-343.1686096191406	601.2407836914062
1152.0	3416.0	-342.3001403808594	602.19921875
1152.0	3417.0	-341.21533203125	597.84619140625
1152.0	3420.0	-339.6688232421875	597.715576171875
1152.0	3422.0	-341.84796142578125	597.76513671875
1152.0	3423.0	-340.16583251953125	597.8084106445312
1176.0	0.0	-341.021240234375	599.6485595703125
1176.0	3406.0	-341.65264892578125	601.7650146484375
1176.0	3408.0	-342.77142333984375	602.0286254882812
1176.0	3416.0	-342.004150390625	601.7262573242188
1176.0	3417.0	-341.19189453125	597.77392578125
1176.0	3420.0	-339.77508544921875	597.7243041992188
1176.0	3422.0	-343.3727111816406	594.4185791015625
1176.0	3423.0	-340.2782287597656	597.87255859375
1200.0	0.0	-340.8753967285156	599.6683959960938
1200.0	3406.0	-341.66754150390625	601.7859497070312
1200.0	3408.0	-342.952880859375	602.1038818359375
1200.0	3416.0	-342.0119934082031	601.7517700195312
1200.0	3417.0	-341.17779541015625	597.7882080078125
1200.0	3423.0	-340.24359130859375	597.8545532226562
1200.0	3424.0	-337.90478515625	599.7276611328125
1200.0	3420.0	-339.7827453613281	597.7206420898438
1224.0	0.0	-340.80218505859375	599.6773071289062
1224.0	3406.0	-341.6697998046875	601.8005981445312
1224.0	3408.0	-343.0675048828125	602.3286743164062
1224.0	3416.0	-342.00054931640625	601.75439453125
1224.0	3417.0	-341.1947937011719	597.6731567382812
1224.0	3423.0	-340.2545166015625	597.825439453125
1224.0	3424.0	-338.115966796875	599.6929931640625
1224.0	3420.0	-339.78314208984375	597.739013671875
1224.0	3425.0	-340.6042785644531	597.1585693359375
1248.0	0.0	-340.8016357421875	599.6773681640625
1248.0	3406.0	-341.7689514160156	601.7605590820312
1248.0	3408.0	-343.11407470703125	602.414794921875
1248.0	3416.0	-342.4276428222656	602.2264404296875
1248.0	3417.0	-341.2110290527344	597.8348999023438
1248.0	3423.0	-340.23870849609375	597.8253173828125
1248.0	3424.0	-338.2100830078125	599.6575317382812
1248.0	3420.0	-339.827392578125	597.7163696289062
1248.0	3425.0	-340.6630554199219	597.2316284179688
1272.0	0.0	-340.80157470703125	599.6773681640625
1272.0	3406.0	-341.7720947265625	601.77099609375
1272.0	3408.0	-343.0653991699219	602.4396362304688
1272.0	3416.0	-342.41986083984375	602.2313232421875
1272.0	3417.0	-341.2068176269531	597.8009033203125
1272.0	3423.0	-340.2308654785156	597.8276977539062
1272.0	3424.0	-338.34088134765625	599.5567016601562
1272.0	3420.0	-339.82110595703125	597.7261962890625
1272.0	3425.0	-340.6559753417969	597.2160034179688
1296.0	0.0	-340.8014831542969	599.6773681640625
1296.0	3406.0	-341.77685546875	601.7832641601562
1296.0	3408.0	-343.0706481933594	602.461181640625
1296.0	3416.0	-342.42718505859375	602.2290649414062
1296.0	3417.0	-341.20733642578125	597.8153686523438
1296.0	3423.0	-340.22119140625	597.8202514648438
1296.0	3424.0	-338.5707702636719	599.4568481445312
1296.0	3420.0	-339.8120422363281	597.715087890625
1296.0	3425.0	-340.64898681640625	597.1930541992188
1320.0	0.0	-340.8011779785156	599.6773681640625
1320.0	3406.0	-341.7729797363281	601.7827758789062
1320.0	3408.0	-343.0828552246094	602.4716796875
1320.0	3416.0	-342.4125061035156	602.2311401367188
1320.0	3417.0	-341.2009582519531	597.8222045898438
1320.0	3423.0	-340.21533203125	597.826171875
1320.0	3424.0	-338.91705322265625	599.408203125
1320.0	3420.0	-339.8062744140625	597.7223510742188
1320.0	3425.0	-340.6484069824219	597.2010498046875
1320.0	3427.0	-338.58441162109375	598.7432861328125
1344.0	0.0	-340.8009033203125	599.6774291992188
1344.0	3406.0	-341.7635192871094	601.7782592773438
1344.0	3408.0	-343.100341796875	602.4830322265625
1344.0	3416.0	-342.4118347167969	602.2337646484375
1344.0	3417.0	-341.204833984375	597.794921875
1344.0	3423.0	-340.207763671875	597.8138427734375
1344.0	3420.0	-339.81597900390625	597.7195434570312
1344.0	3425.0	-340.6517639160156	597.2122802734375
1344.0	3424.0	-339.2871398925781	599.31005859375
1368.0	0.0	-340.8009033203125	599.6774291992188
1368.0	3406.0	-341.7685546875	601.7635498046875
1368.0	3408.0	-343.1046447753906	602.4923706054688
1368.0	3416.0	-342.4164123535156	602.2332153320312
1368.0	3417.0	-341.2124938964844	597.7618408203125
1368.0	3423.0	-340.2067565917969	597.8120727539062
1368.0	3420.0	-339.80059814453125	597.70263671875
1368.0	3425.0	-340.656005859375	597.2220458984375
1368.0	3424.0	-339.6212158203125	599.3074951171875
1392.0	0.0	-340.8008728027344	599.6774291992188
1392.0	3406.0	-341.7619934082031	601.777587890625
1392.0	3408.0	-343.1060791015625	602.4911499023438
1392.0	3416.0	-342.4126892089844	602.2308349609375
1392.0	3417.0	-341.2275695800781	597.7017822265625
1392.0	3423.0	-340.2090759277344	597.8154907226562
1392.0	3420.0	-340.4023742675781	598.898681640625
1392.0	3425.0	-340.6537170410156	597.2382202148438
1392.0	3424.0	-340.0277099609375	599.3128662109375
1416.0	0.0	-340.8008728027344	599.6774291992188
1416.0	3406.0	-341.76788330078125	601.772705078125
1416.0	3408.0	-342.5685729980469	601.8276977539062
1416.0	3416.0	-342.4116516113281	602.2361450195312
1416.0	3417.0	-341.229736328125	597.6240844726562
1416.0	3423.0	-340.23345947265625	597.785400390625
1416.0	3425.0	-340.7570495605469	598.9749145507812
1416.0	3424.0	-340.3086242675781	599.2054443359375
1440.0	0.0	-340.8008117675781	599.6774291992188
1440.0	3406.0	-341.7522277832031	601.7592163085938
1440.0	3416.0	-342.4112854003906	602.2410888671875
1440.0	3417.0	-341.2353210449219	597.5686645507812
1440.0	3424.0	-339.68609619140625	597.662353515625
1440.0	3433.0	-342.58758544921875	601.4140014648438
1464.0	0.0	-340.8008117675781	599.6774291992188
1464.0	3406.0	-341.7432861328125	601.7413330078125
1464.0	3416.0	-341.955078125	601.5122680664062
1464.0	3424.0	-340.8683776855469	598.87939453125
1464.0	3435.0	-337.1257019042969	598.8670043945312
1464.0	3433.0	-342.1982421875	601.2391967773438
1488.0	0.0	-340.8008117675781	599.6774291992188
1488.0	3406.0	-341.7251281738281	601.7144775390625
1488.0	3435.0	-336.9598388671875	599.0049438476562
1488.0	3433.0	-341.8861389160156	601.0676879882812
1488.0	3438.0	-339.7490539550781	597.650390625
1488.0	3440.0	-340.2012023925781	597.8117065429688
1488.0	3441.0	-340.8885498046875	597.3494262695312
1512.0	0.0	-340.8008728027344	599.6774291992188
1512.0	3435.0	-336.8358154296875	599.0492553710938
1512.0	3433.0	-341.7394714355469	601.1256103515625
1512.0	3438.0	-339.7355041503906	597.6394653320312
1512.0	3440.0	-340.2095031738281	597.80908203125
1512.0	3441.0	-341.5103454589844	597.9140625
1512.0	3442.0	-340.6439514160156	597.2538452148438
1536.0	0.0	-340.80078125	599.6774291992188
1536.0	3435.0	-336.7766418457031	599.0997314453125
1536.0	3433.0	-341.47369384765625	601.0691528320312
1536.0	3438.0	-339.7276916503906	597.63671875
1536.0	3440.0	-340.21075439453125	597.8045043945312
1536.0	3441.0	-341.6382751464844	598.3828125
1536.0	3443.0	-341.13116455078125	597.855712890625
1536.0	3442.0	-340.6430358886719	597.2498779296875
1560.0	0.0	-340.80078125	599.6774291992188
1560.0	3435.0	-336.7391052246094	599.1528930664062
1560.0	3433.0	-341.2409362792969	600.922119140625
1560.0	3438.0	-339.7231750488281	597.6210327148438
1560.0	3440.0	-340.2037048339844	597.8109130859375
1560.0	3443.0	-341.1175231933594	597.809326171875
1560.0	3442.0	-340.6408386230469	597.2350463867188
1560.0	3445.0	-343.3719177246094	602.1901245117188
1584.0	0.0	-340.8007507324219	599.6774291992188
1584.0	3435.0	-336.71575927734375	599.1620483398438
1584.0	3433.0	-341.09954833984375	600.8956298828125
1584.0	3438.0	-339.73065185546875	597.6126098632812
1584.0	3440.0	-340.206787109375	597.7994384765625
1584.0	3443.0	-341.11083984375	597.7617797851562
1584.0	3445.0	-343.09930419921875	601.883056640625
1584.0	3446.0	-342.3631286621094	602.212158203125
1608.0	0.0	-340.8006591796875	599.6774291992188
1608.0	3435.0	-336.7157897949219	599.1611328125
1608.0	3433.0	-340.9146728515625	600.6647338867188
1608.0	3438.0	-339.7386169433594	597.6219482421875
1608.0	3440.0	-340.20843505859375	597.801025390625
1608.0	3443.0	-341.1006164550781	597.8099975585938
1608.0	3445.0	-342.85284423828125	601.6234130859375
1608.0	3446.0	-342.3430480957031	602.1915893554688
1608.0	3447.0	-341.65936279296875	601.8731689453125
1632.0	0.0	-340.8004455566406	599.677490234375
1632.0	3433.0	-340.8810119628906	603.8353271484375
1632.0	3438.0	-339.74163818359375	597.6293334960938
1632.0	3440.0	-340.2064514160156	597.8015747070312
1632.0	3443.0	-341.10211181640625	597.798095703125
1632.0	3446.0	-342.3409729003906	602.1904296875
1632.0	3447.0	-341.6216125488281	601.8597412109375
1656.0	0.0	-340.80047607421875	599.677490234375
1656.0	3433.0	-340.82769775390625	603.8405151367188
1656.0	3438.0	-339.7449035644531	597.6411743164062
1656.0	3440.0	-340.21185302734375	597.8124389648438
1656.0	3443.0	-341.1036071777344	597.8125610351562
1656.0	3446.0	-342.3480224609375	602.2001953125
1656.0	3447.0	-341.5805358886719	601.8726196289062
1680.0	0.0	-340.80047607421875	599.677490234375
1680.0	3433.0	inf	inf
1680.0	3438.0	-339.7518310546875	597.6466064453125
1680.0	3439.0	-341.6412048339844	600.4794311523438
1680.0	3440.0	-340.20599365234375	597.8185424804688
1680.0	3443.0	-341.1058349609375	597.8048095703125
1680.0	3446.0	-341.5225524902344	600.8405151367188
1680.0	3447.0	-341.58233642578125	601.8592529296875
1704.0	0.0	-340.80023193359375	599.677490234375
1704.0	3433.0	-341.06390380859375	603.8218994140625
1704.0	3438.0	-339.7645263671875	597.6489868164062
1704.0	3439.0	-341.4900207519531	600.4883422851562
1704.0	3440.0	-340.2131042480469	597.8141479492188
1704.0	3443.0	-341.10882568359375	597.8013305664062
1704.0	3447.0	-341.5953369140625	601.8566284179688
1728.0	0.0	-340.8000793457031	599.6775512695312
1728.0	3433.0	-340.9032897949219	602.2619018554688
1728.0	3438.0	-339.7486267089844	597.652587890625
1728.0	3439.0	-341.45599365234375	600.5785522460938
1728.0	3440.0	-340.1974792480469	597.78125
1728.0	3443.0	-341.1079406738281	597.7931518554688
1728.0	3447.0	-341.5616149902344	601.860107421875
1752.0	0.0	-340.79998779296875	599.6775512695312
1752.0	3433.0	-340.9522705078125	602.259521484375
1752.0	3438.0	-339.74932861328125	597.658935546875
1752.0	3439.0	-341.4371643066406	600.713623046875
1752.0	3440.0	-340.14459228515625	597.6260375976562
1752.0	3443.0	-341.0998229980469	597.8201293945312
1752.0	3447.0	-341.1932373046875	600.94091796875
1776.0	0.0	-340.7999572753906	599.6775512695312
1776.0	3433.0	-340.9726257324219	602.265380859375
1776.0	3438.0	-339.7547607421875	597.6583862304688
1776.0	3439.0	-341.4519958496094	600.7816162109375
1776.0	3440.0	-340.1545715332031	597.6144409179688
1776.0	3443.0	-341.09967041015625	597.8201293945312
1800.0	0.0	-340.7998962402344	599.6775512695312
1800.0	3433.0	-340.94915771484375	602.2597045898438
1800.0	3438.0	-339.75091552734375	597.6648559570312
1800.0	3439.0	-341.4245300292969	600.8156127929688
1800.0	3440.0	-340.1533203125	597.6253051757812
1800.0	3443.0	-341.1011047363281	597.8143310546875
1824.0	0.0	-340.7999572753906	599.6775512695312
1824.0	3433.0	-340.90765380859375	602.4528198242188
1824.0	3438.0	-339.7547912597656	597.6651000976562
1824.0	3439.0	-341.4425048828125	600.8189086914062
1824.0	3440.0	-340.15936279296875	597.6444091796875
1824.0	3443.0	-341.1008605957031	597.8162841796875
1848.0	0.0	-340.7999572753906	599.6775512695312
1848.0	3433.0	-340.92071533203125	602.37451171875
1848.0	3438.0	-339.76348876953125	597.6605834960938
1848.0	3439.0	-341.46270751953125	600.8377685546875
1848.0	3440.0	-340.1539611816406	597.6439819335938
1848.0	3443.0	-341.1021728515625	597.8104248046875
1872.0	0.0	-340.7998962402344	599.6775512695312
1872.0	3433.0	-340.9541320800781	602.2833862304688
1872.0	3438.0	-339.7657165527344	597.659423828125
1872.0	3439.0	-341.4586181640625	600.8515625
1872.0	3440.0	-340.1575012207031	597.638671875
1872.0	3443.0	-341.0992126464844	597.8220825195312
1896.0	0.0	-340.7998046875	599.6775512695312
1896.0	3433.0	-340.98822021484375	602.3485107421875
1896.0	3438.0	-339.76165771484375	597.6592407226562
1896.0	3439.0	-341.3339538574219	600.6351318359375
1896.0	3440.0	-340.1553649902344	597.6414184570312
1896.0	3443.0	-341.09991455078125	597.8141479492188
1920.0	0.0	-340.7996826171875	599.6775512695312
1920.0	3433.0	-341.14984130859375	604.0191650390625
1920.0	3438.0	-339.75213623046875	597.6641235351562
1920.0	3439.0	-341.3569641113281	600.6765747070312
1920.0	3440.0	-340.1501770019531	597.6304931640625
1920.0	3443.0	-341.09759521484375	597.8218994140625
1944.0	0.0	-340.7996520996094	599.6775512695312
1944.0	3433.0	-341.05401611328125	602.444091796875
1944.0	3438.0	-339.7436828613281	597.6640014648438
1944.0	3439.0	-341.38372802734375	600.711181640625
1944.0	3440.0	-340.15692138671875	597.6409301757812
1944.0	3443.0	-341.0960998535156	597.831787109375
1968.0	0.0	-340.7996826171875	599.6775512695312
1968.0	3433.0	-341.05194091796875	602.3272094726562
1968.0	3438.0	-339.7458801269531	597.6651000976562
1968.0	3439.0	-341.3910217285156	600.7183837890625
1968.0	3440.0	-340.1540832519531	597.64599609375
1968.0	3443.0	-341.0962219238281	597.8217163085938
1968.0	3453.0	-343.068359375	601.9566040039062
1968.0	3454.0	-338.1302795410156	601.0323486328125
1992.0	0.0	-340.79962158203125	599.6775512695312
1992.0	3433.0	-341.00274658203125	602.2411499023438
1992.0	3438.0	-339.7524719238281	597.6639404296875
1992.0	3439.0	-341.38824462890625	600.7154541015625
1992.0	3440.0	-340.1574401855469	597.642822265625
1992.0	3443.0	-341.0994873046875	597.8141479492188
1992.0	3453.0	-342.83514404296875	601.701171875
1992.0	3454.0	-338.3695068359375	600.9249267578125
2016.0	0.0	-340.79949951171875	599.6776123046875
2016.0	3433.0	-340.97357177734375	602.171142578125
2016.0	3438.0	-339.7417907714844	597.6536865234375
2016.0	3439.0	-341.3873596191406	600.706787109375
2016.0	3440.0	-340.1552734375	597.6414184570312
2016.0	3443.0	-341.0956726074219	597.8338012695312
2016.0	3453.0	-342.6197509765625	601.3780517578125
2016.0	3454.0	-338.4771728515625	600.96142578125
2040.0	0.0	-340.79949951171875	599.6776123046875
2040.0	3433.0	-340.9785461425781	602.1627807617188
2040.0	3438.0	-339.7247619628906	597.6490478515625
2040.0	3439.0	-341.3793029785156	600.7090454101562
2040.0	3440.0	-340.1669921875	597.6398315429688
2040.0	3443.0	-341.0953674316406	597.8377685546875
2040.0	3453.0	-342.3490905761719	601.0533447265625
2040.0	3454.0	-338.4860534667969	601.0296630859375
2064.0	0.0	-340.7994689941406	599.6776123046875
2064.0	3433.0	-340.9779968261719	602.1998291015625
2064.0	3438.0	-339.72149658203125	597.63720703125
2064.0	3439.0	-341.3693542480469	600.714599609375
2064.0	3440.0	-340.1607360839844	597.6375732421875
2064.0	3443.0	-341.0969543457031	597.8319702148438
2064.0	3454.0	-338.43011474609375	601.036865234375
2088.0	0.0	-340.7994079589844	599.6776123046875
2088.0	3433.0	-340.9796142578125	602.2437744140625
2088.0	3438.0	-339.7154235839844	597.6290893554688
2088.0	3439.0	-341.3598937988281	600.7354125976562
2088.0	3440.0	-340.1625061035156	597.6370239257812
2088.0	3443.0	-341.09808349609375	597.828125
2088.0	3454.0	-338.44921875	601.013916015625
2112.0	0.0	-340.79931640625	599.6776123046875
2112.0	3433.0	-340.93585205078125	602.2904663085938
2112.0	3438.0	-339.7085266113281	597.6145629882812
2112.0	3439.0	-341.45245361328125	600.8501586914062
2112.0	3440.0	-340.1638488769531	597.6323852539062
2112.0	3443.0	-341.09844970703125	597.8302612304688
2112.0	3454.0	-338.1335144042969	601.1503295898438
2136.0	0.0	-340.7992858886719	599.6776123046875
2136.0	3433.0	-340.8592529296875	602.5831909179688
2136.0	3438.0	-339.7012634277344	597.6138916015625
2136.0	3439.0	-341.4232177734375	600.8636474609375
2136.0	3440.0	-340.16046142578125	597.6271362304688
2136.0	3443.0	-341.0967102050781	597.8299560546875
2136.0	3454.0	-338.01495361328125	601.1324462890625
2160.0	0.0	-340.7992248535156	599.6776123046875
2160.0	3433.0	-340.89581298828125	603.8346557617188
2160.0	3438.0	-339.68988037109375	597.6199951171875
2160.0	3439.0	-341.43121337890625	600.8427734375
2160.0	3440.0	-340.16778564453125	597.637451171875
2160.0	3443.0	-341.0987854003906	597.816162109375
2160.0	3454.0	-337.7506408691406	601.1952514648438
2184.0	0.0	-340.7991943359375	599.6776123046875
2184.0	3433.0	-340.869873046875	602.2391357421875
2184.0	3438.0	-339.69244384765625	597.620849609375
2184.0	3439.0	-341.4274597167969	600.8177490234375
2184.0	3440.0	-340.1648254394531	597.6369018554688
2184.0	3443.0	-341.1017761230469	597.8106079101562
2184.0	3454.0	-337.5227966308594	601.280517578125
2208.0	0.0	-340.7991943359375	599.6776123046875
2208.0	3433.0	-340.87628173828125	602.218994140625
2208.0	3438.0	-339.69659423828125	597.6254272460938
2208.0	3439.0	-341.2861328125	600.51171875
2208.0	3440.0	-340.162841796875	597.6395874023438
2208.0	3443.0	-341.11474609375	597.7459106445312
2208.0	3454.0	-337.3218078613281	601.3223266601562
2232.0	0.0	-340.7992248535156	599.6776123046875
2232.0	3433.0	-340.8819885253906	602.1828002929688
2232.0	3438.0	-339.6975402832031	597.6362915039062
2232.0	3439.0	-341.26239013671875	600.4186401367188
2232.0	3440.0	-340.16375732421875	597.6407470703125
2232.0	3443.0	-341.1099853515625	597.7673950195312
2232.0	3454.0	-337.129150390625	601.37451171875
2256.0	0.0	-340.7991943359375	599.6776123046875
2256.0	3433.0	-340.84869384765625	601.0235595703125
2256.0	3438.0	-339.7090759277344	597.63916015625
2256.0	3439.0	-341.4949035644531	600.7760620117188
2256.0	3440.0	-340.1622314453125	597.65380859375
2256.0	3443.0	-341.1130065917969	597.7403564453125
2280.0	0.0	-340.7991943359375	599.6776123046875
2280.0	3433.0	-340.85516357421875	601.0193481445312
2280.0	3438.0	-339.71221923828125	597.6510620117188
2280.0	3439.0	-341.5201416015625	600.8026123046875
2280.0	3440.0	-340.15924072265625	597.6568603515625
2280.0	3443.0	-341.1147155761719	597.7164306640625
2280.0	3458.0	-343.638671875	594.4840698242188
2304.0	0.0	-340.79925537109375	599.6776123046875
2304.0	3433.0	-340.85845947265625	601.025146484375
2304.0	3438.0	-339.716064453125	597.6490478515625
2304.0	3439.0	-341.5362548828125	600.8633422851562
2304.0	3440.0	-340.16033935546875	597.662841796875
2304.0	3443.0	-341.1145324707031	597.720458984375
2304.0	3458.0	-343.62945556640625	594.4699096679688
2304.0	3459.0	-343.055419921875	601.7207641601562
2328.0	0.0	-340.7993469238281	599.6776123046875
2328.0	3433.0	-340.8650817871094	601.0468139648438
2328.0	3438.0	-339.71258544921875	597.641845703125
2328.0	3439.0	-341.5146484375	600.9456176757812
2328.0	3440.0	-340.16015625	597.6649780273438
2328.0	3443.0	-341.10308837890625	597.7885131835938
2328.0	3459.0	-342.8533935546875	601.5232543945312
2352.0	0.0	-340.79937744140625	599.6776123046875
2352.0	3433.0	-340.9576416015625	602.2271728515625
2352.0	3438.0	-339.70318603515625	597.6355590820312
2352.0	3439.0	-341.4905090332031	600.9634399414062
2352.0	3440.0	-340.1540832519531	597.6717529296875
2352.0	3443.0	-341.1029357910156	597.770263671875
2376.0	0.0	-340.7993469238281	599.6776123046875
2376.0	3433.0	-340.9849548339844	602.2353515625
2376.0	3438.0	-339.71771240234375	597.6505126953125
2376.0	3439.0	-341.5128173828125	600.942138671875
2376.0	3440.0	-340.1695251464844	597.6956176757812
2376.0	3443.0	-341.0997619628906	597.8041381835938
2400.0	0.0	-340.79931640625	599.6776123046875
2400.0	3433.0	-341.05548095703125	603.9921264648438
2400.0	3438.0	-339.7231750488281	597.6635131835938
2400.0	3439.0	-341.50347900390625	600.9110717773438
2400.0	3440.0	-340.17352294921875	597.6928100585938
2400.0	3443.0	-341.1011047363281	597.7982788085938
2424.0	0.0	-340.7991943359375	599.6776123046875
2424.0	3433.0	-341.0798645019531	602.9330444335938
2424.0	3438.0	-339.72528076171875	597.646728515625
2424.0	3439.0	-341.4916076660156	600.9267578125
2424.0	3440.0	-340.15802001953125	597.6992797851562
2424.0	3443.0	-341.1045227050781	597.7745971679688
2448.0	0.0	-340.7992248535156	599.6776123046875
2448.0	3433.0	-341.06591796875	602.3325805664062
2448.0	3438.0	-339.7079162597656	597.6268920898438
2448.0	3439.0	-341.5082702636719	600.935546875
2448.0	3440.0	-340.1492614746094	597.7020874023438
2448.0	3443.0	-341.11309814453125	597.7113647460938
2472.0	0.0	-340.7992248535156	599.6776123046875
2472.0	3433.0	-341.3485412597656	603.1288452148438
2472.0	3438.0	-339.6951599121094	597.6090698242188
2472.0	3439.0	-341.52484130859375	600.9261474609375
2472.0	3440.0	-340.146728515625	597.6945190429688
2472.0	3443.0	-341.10467529296875	597.776611328125
2472.0	3467.0	-340.63958740234375	597.2191772460938
2496.0	0.0	-340.7991027832031	599.6776123046875
2496.0	3433.0	-340.9585876464844	600.8900146484375
2496.0	3438.0	-339.6964416503906	597.5834350585938
2496.0	3439.0	-341.4079284667969	600.7415161132812
2496.0	3440.0	-340.152099609375	597.6906127929688
2496.0	3443.0	-341.1105041503906	597.7279052734375
2496.0	3467.0	-340.6402893066406	597.2211303710938
2520.0	0.0	-340.79913330078125	599.6776123046875
2520.0	3433.0	-341.10113525390625	602.2906494140625
2520.0	3438.0	-339.6849670410156	597.5545654296875
2520.0	3439.0	-341.45831298828125	600.8389282226562
2520.0	3440.0	-340.1582946777344	597.6802368164062
2520.0	3443.0	-341.11279296875	597.7262573242188
2520.0	3467.0	-340.6389465332031	597.2056884765625
2520.0	3469.0	-336.5428771972656	599.2869262695312
2544.0	0.0	-340.79913330078125	599.6776123046875
2544.0	3433.0	-340.9591979980469	600.8944702148438
2544.0	3438.0	-339.6540222167969	597.5529174804688
2544.0	3439.0	-341.44512939453125	600.8282470703125
2544.0	3440.0	-340.1481018066406	597.660400390625
2544.0	3443.0	-341.11224365234375	597.716064453125
2544.0	3467.0	-340.6353759765625	597.1940307617188
2544.0	3469.0	-336.52880859375	599.309814453125
2568.0	0.0	-340.7990417480469	599.6776733398438
2568.0	3433.0	-341.33306884765625	603.884033203125
2568.0	3438.0	-339.6473083496094	597.5565795898438
2568.0	3439.0	-341.441650390625	600.8256225585938
2568.0	3440.0	-340.1460876464844	597.6547241210938
2568.0	3443.0	-341.11181640625	597.7220458984375
2568.0	3467.0	-340.6401672363281	597.2371826171875
2592.0	0.0	-340.799072265625	599.6776733398438
2592.0	3433.0	-341.13409423828125	602.2474975585938
2592.0	3438.0	-339.6637878417969	597.5703735351562
2592.0	3439.0	-341.4397277832031	600.82421875
2592.0	3440.0	-340.1461181640625	597.658935546875
2592.0	3443.0	-341.1123046875	597.7282104492188
2592.0	3467.0	-340.6358642578125	597.1976928710938
2616.0	0.0	-340.7990417480469	599.6776733398438
2616.0	3433.0	-341.0055847167969	602.3419799804688
2616.0	3438.0	-339.69146728515625	597.6008911132812
2616.0	3439.0	-341.4328308105469	600.814697265625
2616.0	3440.0	-340.1510314941406	597.6678466796875
2616.0	3443.0	-341.1097412109375	597.7168579101562
2616.0	3467.0	-340.63372802734375	597.1941528320312
2640.0	0.0	-340.79901123046875	599.6776733398438
2640.0	3433.0	-340.9998474121094	602.366455078125
2640.0	3438.0	-339.7271728515625	597.6453247070312
2640.0	3439.0	-341.40850830078125	600.7603759765625
2640.0	3440.0	-340.1523132324219	597.6737060546875
2640.0	3443.0	-341.1067810058594	597.7144165039062
2640.0	3467.0	-340.6386413574219	597.229248046875
2664.0	0.0	-340.7991027832031	599.6776123046875
2664.0	3433.0	-340.9067077636719	601.11962890625
2664.0	3438.0	-339.75823974609375	597.6922607421875
2664.0	3439.0	-341.53277587890625	600.9305419921875
2664.0	3440.0	-340.1492614746094	597.6663208007812
2664.0	3443.0	-341.1119384765625	597.7059326171875
2664.0	3467.0	-340.6385498046875	597.2212524414062
2688.0	0.0	-340.7992858886719	599.6776123046875
2688.0	3433.0	-340.998291015625	602.3345336914062
2688.0	3438.0	-339.77587890625	597.7056884765625
2688.0	3439.0	-341.5217590332031	600.9093627929688
2688.0	3440.0	-340.15277099609375	597.6652221679688
2688.0	3443.0	-341.10662841796875	597.7648315429688
2688.0	3467.0	-340.64013671875	597.2271728515625
2712.0	0.0	-340.7993469238281	599.6776123046875
2712.0	3433.0	-340.909423828125	601.1134033203125
2712.0	3438.0	-339.7615661621094	597.6861572265625
2712.0	3439.0	-341.5312805175781	600.8670654296875
2712.0	3440.0	-340.1527099609375	597.6694946289062
2712.0	3443.0	-341.11187744140625	597.7542724609375
2712.0	3467.0	-340.6392822265625	597.2352294921875
2736.0	0.0	-340.7994079589844	599.6776123046875
2736.0	3433.0	-340.98309326171875	602.0512084960938
2736.0	3438.0	-339.7111511230469	597.6019287109375
2736.0	3439.0	-341.5205993652344	600.754638671875
2736.0	3440.0	-340.1675720214844	597.6668701171875
2736.0	3443.0	-341.1000671386719	597.8109130859375
2736.0	3467.0	-340.64093017578125	597.2330932617188
2760.0	0.0	-340.7994384765625	599.6776123046875
2760.0	3433.0	-340.9707336425781	601.9920654296875
2760.0	3438.0	-339.6138916015625	597.563720703125
2760.0	3439.0	-341.44586181640625	600.6378173828125
2760.0	3440.0	-340.1646728515625	597.6698608398438
2760.0	3443.0	-341.0946044921875	597.84375
2760.0	3467.0	-340.6377258300781	597.2213134765625
2784.0	0.0	-340.7994384765625	599.6776123046875
2784.0	3433.0	-340.9659423828125	602.0304565429688
2784.0	3438.0	-339.6064453125	597.5243530273438
2784.0	3439.0	-341.3556213378906	600.4528198242188
2784.0	3440.0	-340.1723327636719	597.6716918945312
2784.0	3443.0	-341.09283447265625	597.8232421875
2784.0	3472.0	-342.0354919433594	597.3218383789062
2808.0	0.0	-340.79949951171875	599.6776123046875
2808.0	3433.0	-340.99688720703125	602.2042236328125
2808.0	3438.0	-339.6761779785156	597.4535522460938
2808.0	3439.0	-341.3778381347656	600.4708862304688
2808.0	3440.0	-340.1712646484375	597.6782836914062
2808.0	3443.0	-341.10577392578125	597.7037353515625
2808.0	3473.0	-341.650634765625	601.8838500976562
2832.0	0.0	-340.7995300292969	599.6776123046875
2832.0	3433.0	-341.089111328125	602.2975463867188
2832.0	3438.0	-339.6885070800781	597.3938598632812
2832.0	3439.0	-341.4571533203125	600.5548095703125
2832.0	3440.0	-340.1583557128906	597.667724609375
2832.0	3443.0	-341.0952453613281	597.7218627929688
2832.0	3473.0	-341.65716552734375	601.8770751953125
2856.0	0.0	-340.799560546875	599.6776123046875
2856.0	3433.0	-341.0888671875	602.1915283203125
2856.0	3438.0	-339.62188720703125	597.3443603515625
2856.0	3439.0	-341.4667663574219	600.5919189453125
2856.0	3440.0	-340.16015625	597.6629638671875
2856.0	3443.0	-341.093994140625	597.7374267578125
2856.0	3473.0	-341.6225280761719	601.8720092773438
2880.0	0.0	-340.79962158203125	599.6775512695312
2880.0	3433.0	-341.0882873535156	602.159423828125
2880.0	3438.0	-339.5049743652344	597.326904296875
2880.0	3439.0	-341.47320556640625	600.5900268554688
2880.0	3440.0	-340.1514587402344	597.6762084960938
2880.0	3443.0	-341.0986328125	597.723876953125
2880.0	3473.0	-341.6366271972656	601.875244140625
2904.0	0.0	-340.7995300292969	599.6776123046875
2904.0	3433.0	-341.0793762207031	602.1906127929688
2904.0	3438.0	-339.46575927734375	597.325927734375
2904.0	3439.0	-341.4667053222656	600.5870361328125
2904.0	3440.0	-340.1194763183594	597.6678466796875
2904.0	3443.0	-341.0850524902344	597.807861328125
2904.0	3473.0	-341.6325378417969	601.8746337890625
2904.0	3474.0	-340.6315002441406	597.2216796875
2928.0	0.0	-340.79962158203125	599.6775512695312
2928.0	3433.0	-341.1089172363281	602.2491455078125
2928.0	3438.0	-339.4547119140625	597.3023071289062
2928.0	3439.0	-341.4576721191406	600.5917358398438
2928.0	3440.0	-340.11614990234375	597.6675415039062
2928.0	3443.0	-341.0885009765625	597.8184814453125
2928.0	3473.0	-341.6337585449219	601.8753662109375
2928.0	3474.0	-340.6351623535156	597.2374877929688
2952.0	0.0	-340.7997741699219	599.6775512695312
2952.0	3433.0	-341.022216796875	601.2920532226562
2952.0	3439.0	-341.482177734375	600.6029052734375
2952.0	3440.0	-340.0442810058594	597.7212524414062
2952.0	3443.0	-341.0904846191406	597.8207397460938
2952.0	3473.0	-341.6285095214844	601.8880615234375
2952.0	3474.0	-340.6340026855469	597.2696533203125
2976.0	0.0	-340.79986572265625	599.6775512695312
2976.0	3433.0	-341.02923583984375	601.3233032226562
2976.0	3439.0	-341.4757385253906	600.576171875
2976.0	3440.0	-339.9189147949219	597.7876586914062
2976.0	3443.0	-341.0905456542969	597.8207397460938
2976.0	3473.0	-341.35455322265625	601.2078857421875
2976.0	3474.0	-340.62896728515625	597.3161010742188
3000.0	0.0	-340.7998352050781	599.6775512695312
3000.0	3433.0	-340.9462890625	601.07568359375
3000.0	3439.0	-341.44866943359375	600.563720703125
3000.0	3443.0	-341.0965576171875	597.7537231445312
3000.0	3466.0	-341.15411376953125	598.9838256835938
3000.0	3473.0	-341.6297912597656	601.88427734375
3000.0	3474.0	-340.60791015625	597.3477783203125
3000.0	3440.0	-339.88818359375	597.7822875976562
3024.0	0.0	-340.7998962402344	599.6775512695312
3024.0	3433.0	-340.95843505859375	601.0711669921875
3024.0	3439.0	-341.4372863769531	600.5889282226562
3024.0	3466.0	-340.89691162109375	598.9750366210938
3024.0	3473.0	-341.3519287109375	601.166259765625
3024.0	3440.0	-339.89129638671875	597.7786254882812
3048.0	0.0	-340.79986572265625	599.6775512695312
3048.0	3433.0	-340.9793701171875	601.249267578125
3048.0	3439.0	-341.4548645019531	600.5910034179688
3048.0	3466.0	-340.72515869140625	598.9544067382812
3048.0	3473.0	-341.3827819824219	601.2379150390625
3048.0	3479.0	-341.1018371582031	597.7404174804688
3072.0	0.0	-340.7998352050781	599.6775512695312
3072.0	3433.0	-341.16412353515625	602.3269653320312
3072.0	3439.0	-341.4739074707031	600.5775146484375
3072.0	3466.0	-340.53912353515625	598.8836669921875
3072.0	3473.0	-341.2372741699219	600.85107421875
3072.0	3479.0	-341.10845947265625	597.7313842773438
3072.0	3480.0	-336.80242919921875	597.2413330078125
3096.0	0.0	-340.7998046875	599.6775512695312
3096.0	3433.0	-341.2239074707031	602.320068359375
3096.0	3439.0	-341.468017578125	600.5794677734375
3096.0	3466.0	-340.38995361328125	598.8197631835938
3096.0	3473.0	-341.2314147949219	600.8279418945312
3096.0	3479.0	-341.1036682128906	597.7581176757812
3096.0	3480.0	-336.7966613769531	597.2391967773438
3120.0	0.0	-340.79986572265625	599.6775512695312
3120.0	3433.0	-341.5664367675781	604.00537109375
3120.0	3439.0	-341.4678039550781	600.5748291015625
3120.0	3466.0	-340.26458740234375	598.9335327148438
3120.0	3473.0	-341.226318359375	600.8214111328125
3120.0	3479.0	-341.1125793457031	597.672607421875
3120.0	3480.0	-336.7500915527344	597.2081298828125
3144.0	0.0	-340.79998779296875	599.6775512695312
3144.0	3433.0	-341.5623474121094	604.0001220703125
3144.0	3439.0	-341.4728088378906	600.5808715820312
3144.0	3466.0	-340.1549987792969	598.9817504882812
3144.0	3473.0	-341.2253112792969	600.8175659179688
3144.0	3479.0	-341.0570068359375	597.6727294921875
3144.0	3481.0	-339.9985046386719	597.8782348632812
3168.0	0.0	-340.8000793457031	599.6775512695312
3168.0	3433.0	-341.05462646484375	601.0870361328125
3168.0	3439.0	-341.4265441894531	600.557861328125
3168.0	3466.0	-340.04388427734375	598.983154296875
3168.0	3479.0	-340.9659729003906	597.7152099609375
3168.0	3481.0	-340.02325439453125	597.8609619140625
3192.0	0.0	-340.8000793457031	599.6775512695312
3192.0	3433.0	-341.0750427246094	601.1159057617188
3192.0	3439.0	-341.392578125	600.5306396484375
3192.0	3466.0	-339.98382568359375	598.9423217773438
3192.0	3479.0	-340.949462890625	597.8421020507812
3192.0	3481.0	-339.98223876953125	597.8133544921875
3192.0	3482.0	-337.85882568359375	600.8756713867188
3216.0	0.0	-340.8001403808594	599.677490234375
3216.0	3433.0	-341.1087951660156	601.1334838867188
3216.0	3439.0	-341.43572998046875	600.5380859375
3216.0	3466.0	-339.94305419921875	598.9252319335938
3216.0	3479.0	-340.9284362792969	597.882568359375
3216.0	3481.0	-339.9098205566406	597.67919921875
3216.0	3482.0	-338.25201416015625	600.7046508789062
3240.0	0.0	-340.8002624511719	599.677490234375
3240.0	3433.0	-341.0760192871094	600.9234619140625
3240.0	3439.0	-341.44244384765625	600.5111694335938
3240.0	3466.0	-339.9286804199219	598.923583984375
3240.0	3481.0	-339.8446960449219	597.6011962890625
3240.0	3482.0	-338.624755859375	600.6478881835938
3264.0	0.0	-340.80035400390625	599.677490234375
3264.0	3433.0	-341.0712890625	600.9065551757812
3264.0	3439.0	-341.45050048828125	600.4849853515625
3264.0	3466.0	-339.92864990234375	598.9236450195312
3264.0	3481.0	-339.801025390625	597.6307373046875
3264.0	3482.0	-338.96697998046875	600.5869140625
3264.0	3479.0	-340.8363342285156	597.7125244140625
3288.0	0.0	-340.80029296875	599.677490234375
3288.0	3433.0	-341.06219482421875	600.9304809570312
3288.0	3439.0	-341.4656677246094	600.4877319335938
3288.0	3466.0	-339.92718505859375	598.9192504882812
3288.0	3481.0	-339.7288818359375	597.6607666015625
3288.0	3482.0	-339.4366760253906	600.5369873046875
3288.0	3479.0	-340.8370361328125	597.75048828125
3288.0	3484.0	-341.76214599609375	597.4507446289062
3312.0	0.0	-340.8002624511719	599.677490234375
3312.0	3433.0	-341.0908203125	601.1473388671875
3312.0	3439.0	-341.4610595703125	600.4864501953125
3312.0	3466.0	-339.9304504394531	598.91552734375
3312.0	3481.0	-339.6592102050781	597.7086181640625
3312.0	3482.0	-339.74786376953125	600.5175170898438
3312.0	3479.0	-340.83367919921875	597.7264404296875
3336.0	0.0	-340.80029296875	599.677490234375
3336.0	3433.0	-341.06878662109375	600.9801025390625
3336.0	3439.0	-341.47479248046875	600.5079345703125
3336.0	3466.0	-339.9310302734375	598.9087524414062
3336.0	3481.0	-339.6561279296875	597.7080688476562
3336.0	3482.0	-340.0464782714844	600.439453125
3336.0	3479.0	-340.83892822265625	597.74853515625
3360.0	0.0	-340.8002624511719	599.677490234375
3360.0	3433.0	-341.0984802246094	600.9369506835938
3360.0	3439.0	-341.477294921875	600.5184326171875
3360.0	3466.0	-339.92724609375	598.906982421875
3360.0	3481.0	-339.664306640625	597.69873046875
3360.0	3482.0	-340.29876708984375	600.3729858398438
3360.0	3479.0	-340.8426818847656	597.7366333007812
3360.0	3486.0	-341.6587219238281	597.4473876953125
3384.0	0.0	-340.8002014160156	599.677490234375
3384.0	3433.0	-341.11090087890625	600.9183349609375
3384.0	3439.0	-341.4771728515625	600.52099609375
3384.0	3466.0	-339.92138671875	598.9075927734375
3384.0	3481.0	-339.6524963378906	597.700927734375
3384.0	3482.0	-340.5274353027344	600.3026123046875
3384.0	3479.0	-340.84259033203125	597.7142333984375
3384.0	3486.0	-341.6556396484375	597.4483642578125
3408.0	0.0	-340.80029296875	599.677490234375
3408.0	3439.0	-341.3150634765625	600.3181762695312
3408.0	3466.0	-339.91552734375	598.9082641601562
3408.0	3481.0	-339.6552429199219	597.6901245117188
3408.0	3482.0	inf	inf
3408.0	3479.0	-340.841796875	597.7645874023438
3408.0	3486.0	-341.6783752441406	597.4442749023438
3408.0	3433.0	-340.9774475097656	600.3359985351562
3432.0	0.0	-340.80035400390625	599.677490234375
3432.0	3439.0	-inf	inf
3432.0	3466.0	-339.9119873046875	598.9032592773438
3432.0	3481.0	-339.64312744140625	597.6763305664062
3432.0	3482.0	-341.129150390625	600.2940673828125
3432.0	3479.0	-340.8413391113281	597.7705688476562
3432.0	3486.0	-341.67138671875	597.5513916015625
3456.0	0.0	-340.8001403808594	599.677490234375
3456.0	3466.0	-339.8965759277344	598.9189453125
3456.0	3481.0	-339.6544189453125	597.6605834960938
3456.0	3479.0	-340.8430480957031	597.7786254882812
3456.0	3486.0	-341.66168212890625	597.5237426757812
3456.0	3490.0	-341.07635498046875	600.8687133789062
3456.0	3491.0	-341.39666748046875	600.5586547851562
3480.0	0.0	-340.80029296875	599.677490234375
3480.0	3466.0	-339.9500732421875	598.9212036132812
3480.0	3481.0	-339.6713562011719	597.6785888671875
3480.0	3479.0	-340.8394775390625	597.7745361328125
3480.0	3486.0	-341.6514587402344	597.517578125
3480.0	3490.0	-341.0785827636719	600.9414672851562
3480.0	3491.0	-341.4666748046875	600.4818115234375
3504.0	0.0	-340.8004455566406	599.677490234375
3504.0	3466.0	-340.000244140625	598.9317016601562
3504.0	3481.0	-339.682373046875	597.6656494140625
3504.0	3479.0	-340.833251953125	597.7743530273438
3504.0	3486.0	-341.6438293457031	597.4694213867188
3504.0	3490.0	-341.061279296875	600.8902587890625
3504.0	3491.0	-341.4662780761719	600.4771728515625
3528.0	0.0	-340.80047607421875	599.677490234375
3528.0	3466.0	-340.06744384765625	598.9473266601562
3528.0	3481.0	-340.2419128417969	598.6382446289062
3528.0	3479.0	-340.83319091796875	597.7703857421875
3528.0	3486.0	-341.64599609375	597.4617309570312
3528.0	3490.0	-341.05279541015625	600.8969116210938
3528.0	3491.0	-341.4711608886719	600.4756469726562
3528.0	3492.0	-342.4532165527344	597.2490234375
3552.0	0.0	-340.8005065917969	599.677490234375
3552.0	3466.0	-340.19842529296875	598.971435546875
3552.0	3479.0	-340.8421325683594	597.7745361328125
3552.0	3486.0	-341.6480407714844	597.4324951171875
3552.0	3490.0	-341.0711364746094	600.86328125
3552.0	3491.0	-341.4771423339844	600.47314453125
3552.0	3492.0	-342.46221923828125	597.2449340820312
3576.0	0.0	-340.8005676269531	599.677490234375
3576.0	3466.0	-340.38812255859375	599.0787963867188
3576.0	3479.0	-340.8404846191406	597.7721557617188
3576.0	3486.0	-341.6402587890625	597.4551391601562
3576.0	3490.0	-341.0647277832031	600.8688354492188
3576.0	3491.0	-341.4807434082031	600.4906005859375
3576.0	3492.0	-342.4659118652344	597.2527465820312
3600.0	0.0	-340.800537109375	599.677490234375
3600.0	3466.0	-340.46331787109375	599.0869750976562
3600.0	3479.0	-340.8389892578125	597.7784423828125
3600.0	3486.0	-341.6416320800781	597.4642944335938
3600.0	3490.0	-341.0611267089844	600.8594360351562
3600.0	3491.0	-341.4825744628906	600.494140625
3600.0	3492.0	-342.4483337402344	597.272216796875
3624.0	0.0	-340.800537109375	599.677490234375
3624.0	3466.0	-340.6761474609375	598.9990844726562
3624.0	3486.0	-341.64617919921875	597.4617309570312
3624.0	3490.0	-341.0511474609375	600.8595581054688
3624.0	3491.0	-341.4844970703125	600.4950561523438
3624.0	3492.0	-342.41424560546875	597.2660522460938
3648.0	0.0	-340.800537109375	599.677490234375
3648.0	3466.0	-340.84405517578125	598.9581909179688
3648.0	3490.0	-341.04443359375	600.85595703125
3648.0	3491.0	-341.4805603027344	600.4856567382812
3648.0	3494.0	-336.28857421875	599.3053588867188
3648.0	3495.0	-339.6073913574219	597.688232421875
3672.0	0.0	-340.80059814453125	599.677490234375
3672.0	3466.0	-341.01177978515625	599.029052734375
3672.0	3490.0	-341.0436706542969	600.8601684570312
3672.0	3491.0	-341.5132141113281	600.5090942382812
3672.0	3494.0	-336.3177185058594	599.2930297851562
3672.0	3495.0	-339.6306457519531	597.6652221679688
3696.0	0.0	-340.8006286621094	599.677490234375
3696.0	3490.0	-341.0480041503906	600.8561401367188
3696.0	3491.0	-341.54376220703125	600.5187377929688
3696.0	3494.0	-336.3205871582031	599.3071899414062
3696.0	3495.0	-339.6911315917969	597.60400390625
3720.0	0.0	-340.8006591796875	599.6774291992188
3720.0	3490.0	-341.0367431640625	600.8469848632812
3720.0	3491.0	-341.6055908203125	600.6031494140625
3720.0	3494.0	-336.3266296386719	599.3072509765625
3720.0	3495.0	-339.6252746582031	597.5739135742188
3720.0	3496.0	-340.8430480957031	597.7685546875
3744.0	0.0	-340.8006591796875	599.6774291992188
3744.0	3490.0	-341.0350646972656	600.8607788085938
3744.0	3491.0	-341.6368103027344	600.6956787109375
3744.0	3494.0	-335.24188232421875	599.2233276367188
3744.0	3495.0	-339.5221862792969	597.5691528320312
3744.0	3496.0	-340.84173583984375	597.7785034179688
3768.0	0.0	-340.8006286621094	599.677490234375
3768.0	3490.0	-341.0424499511719	600.8572998046875
3768.0	3491.0	-341.6488037109375	600.8092651367188
3768.0	3494.0	-336.33642578125	599.3096923828125
3768.0	3495.0	-339.4830322265625	597.5626831054688
3768.0	3496.0	-340.8398742675781	597.7784423828125
3768.0	3497.0	-341.6121826171875	597.5086669921875
3792.0	0.0	-340.8005676269531	599.677490234375
3792.0	3490.0	-341.0509948730469	600.86865234375
3792.0	3491.0	-341.7328186035156	600.9304809570312
3792.0	3494.0	-336.2843933105469	599.3079223632812
3792.0	3495.0	-339.4797058105469	597.5624389648438
3792.0	3496.0	-340.83770751953125	597.7883911132812
3792.0	3497.0	-341.6251220703125	597.466552734375
3816.0	0.0	-340.8005676269531	599.677490234375
3816.0	3490.0	-341.0551452636719	600.8657836914062
3816.0	3491.0	-341.7768249511719	600.8733520507812
3816.0	3495.0	-339.4869079589844	597.5591430664062
3816.0	3496.0	-340.8371276855469	597.7824096679688
3816.0	3497.0	-341.6220397949219	597.4270629882812
3840.0	0.0	-340.800537109375	599.677490234375
3840.0	3490.0	-341.0518493652344	600.8634643554688
3840.0	3491.0	-341.7956848144531	600.9050903320312
3840.0	3495.0	-339.49798583984375	597.5487670898438
3840.0	3496.0	-340.8402404785156	597.7744750976562
3840.0	3497.0	-341.5916442871094	597.4366455078125
3840.0	3494.0	-336.26580810546875	599.3136596679688
3864.0	0.0	-340.80059814453125	599.677490234375
3864.0	3490.0	-341.0518493652344	601.1409912109375
3864.0	3491.0	-341.7735595703125	600.9423828125
3864.0	3495.0	-339.4956970214844	597.5384521484375
3864.0	3496.0	-340.83612060546875	597.7883911132812
3864.0	3497.0	-341.60284423828125	597.4552612304688
3864.0	3499.0	-341.6462097167969	601.8623046875
3888.0	0.0	-340.8007507324219	599.6774291992188
3888.0	3490.0	-340.98773193359375	601.1839599609375
3888.0	3491.0	-341.7476501464844	601.0014038085938
3888.0	3495.0	-339.4981689453125	597.53466796875
3888.0	3496.0	-340.8323059082031	597.7743530273438
3888.0	3497.0	-341.58685302734375	597.4705200195312
3888.0	3499.0	-341.4430847167969	601.3097534179688
3912.0	0.0	-340.80072021484375	599.6774291992188
3912.0	3490.0	-341.0267333984375	601.2451782226562
3912.0	3491.0	-341.6916198730469	601.0682983398438
3912.0	3495.0	-339.4980163574219	597.5324096679688
3912.0	3496.0	-340.8300476074219	597.7802734375
3912.0	3497.0	-341.5851135253906	597.4301147460938
3936.0	0.0	-340.80078125	599.6774291992188
3936.0	3490.0	-340.9197998046875	600.7212524414062
3936.0	3491.0	-341.66290283203125	601.0628662109375
3936.0	3495.0	-339.4956359863281	597.5362548828125
3936.0	3496.0	-340.8285827636719	597.770263671875
3936.0	3497.0	-341.6045227050781	597.4473876953125
3960.0	0.0	-340.801025390625	599.6774291992188
3960.0	3490.0	-340.8868103027344	600.7505493164062
3960.0	3491.0	-341.67724609375	601.05859375
3960.0	3495.0	-339.502197265625	597.539306640625
3960.0	3496.0	-340.8266906738281	597.71826171875
3960.0	3504.0	-341.4100646972656	601.3097534179688
3984.0	0.0	-340.8010559082031	599.6774291992188
3984.0	3490.0	-340.89483642578125	600.7678833007812
3984.0	3491.0	-341.69866943359375	601.054443359375
3984.0	3495.0	-339.51312255859375	597.5468139648438
3984.0	3496.0	-340.8309020996094	597.7399291992188
3984.0	3504.0	-341.412109375	601.3232421875
4008.0	0.0	-340.740966796875	599.6826782226562
4008.0	3490.0	-340.8362121582031	600.788818359375
4008.0	3491.0	-341.6279602050781	601.0802612304688
4008.0	3495.0	-339.552001953125	597.5181884765625
4008.0	3496.0	-340.85809326171875	597.7785034179688
4032.0	0.0	-340.52716064453125	599.6790161132812
4032.0	3490.0	-340.57537841796875	600.8256225585938
4032.0	3491.0	-341.3528137207031	601.1661987304688
4032.0	3495.0	-339.6155090332031	597.48193359375
4032.0	3496.0	-340.9087829589844	597.7929077148438
4032.0	3506.0	-340.8370666503906	600.7792358398438
4056.0	0.0	-340.3200988769531	599.647216796875
4056.0	3490.0	-340.53192138671875	600.8558959960938
4056.0	3495.0	-339.580078125	597.5369873046875
4056.0	3496.0	-340.8299560546875	597.7772827148438
4056.0	3507.0	-341.65631103515625	597.5513916015625
4080.0	0.0	-340.1504821777344	599.6107177734375
4080.0	3490.0	-340.6183776855469	600.8390502929688
4080.0	3495.0	-339.3876647949219	597.6338500976562
4080.0	3505.0	-342.5085754394531	597.8546752929688
4080.0	3496.0	-340.7262878417969	597.4994506835938
4104.0	0.0	-340.0712585449219	599.603759765625
4104.0	3490.0	-340.8955078125	600.7874145507812
4104.0	3495.0	-337.8737487792969	595.4917602539062
4104.0	3496.0	-340.4331970214844	597.3565673828125
4128.0	0.0	-340.0378112792969	599.6083984375
4128.0	3490.0	-340.9154052734375	600.7471923828125
4128.0	3495.0	-338.9567565917969	597.585205078125
4128.0	3496.0	-340.36468505859375	597.3890380859375
4152.0	0.0	-340.0301208496094	599.6117553710938
4152.0	3490.0	-341.0132141113281	600.7371826171875
4152.0	3491.0	-343.5013122558594	601.6582641601562
4152.0	3495.0	-337.21575927734375	594.826904296875
4152.0	3496.0	-340.35174560546875	597.4213256835938
4152.0	3512.0	-339.7092590332031	597.3930053710938
4176.0	0.0	-340.0289306640625	599.6126098632812
4176.0	3490.0	-341.5771484375	601.2492065429688
4176.0	3491.0	-343.6611633300781	601.720458984375
4176.0	3495.0	-336.97186279296875	594.9429931640625
4176.0	3512.0	-339.7124328613281	597.3263549804688
4200.0	0.0	-340.0293884277344	599.6118774414062
4200.0	3490.0	-341.6043395996094	601.2340698242188
4200.0	3491.0	-342.14105224609375	600.8828735351562
4200.0	3495.0	-337.0943908691406	594.8883666992188
4200.0	3503.0	-342.39471435546875	599.754638671875
4200.0	3508.0	-342.56201171875	599.4238891601562
4224.0	0.0	-340.0297546386719	599.6112670898438
4224.0	3490.0	-341.04486083984375	600.7155151367188
4224.0	3491.0	-343.83746337890625	601.8701782226562
4224.0	3495.0	-337.1209716796875	594.873779296875
4224.0	3503.0	-342.401123046875	599.7842407226562
4224.0	3508.0	-343.3697509765625	599.4190063476562
4248.0	0.0	-340.031005859375	599.6068115234375
4248.0	3490.0	-341.0708312988281	600.6920166015625
4248.0	3491.0	-343.9495849609375	601.6984252929688
4248.0	3508.0	-342.54486083984375	599.5224609375
4248.0	3513.0	-342.73101806640625	598.0990600585938
4272.0	0.0	-340.0310974121094	599.6054077148438
4272.0	3490.0	-341.5631408691406	601.198486328125
4272.0	3491.0	-343.9948425292969	601.7136840820312
4272.0	3508.0	-343.3921203613281	599.4780883789062
4272.0	3513.0	-342.7271728515625	598.0768432617188
4296.0	0.0	-340.03106689453125	599.6035766601562
4296.0	3490.0	-341.5509033203125	601.1997680664062
4296.0	3491.0	-344.0137634277344	601.6968383789062
4296.0	3508.0	-345.4603576660156	599.2297973632812
4296.0	3513.0	-342.7900085449219	598.0272216796875
4296.0	3514.0	-342.5689697265625	597.6094970703125
4320.0	0.0	-340.0308837890625	599.6021118164062
4320.0	3490.0	-340.9581298828125	600.7064819335938
4320.0	3491.0	-343.91802978515625	601.8807983398438
4320.0	3508.0	-343.40576171875	599.3612670898438
4320.0	3514.0	-342.739990234375	597.7012939453125
4344.0	0.0	-340.0307312011719	599.6016235351562
4344.0	3490.0	-340.9581298828125	600.7064819335938
4344.0	3491.0	-343.91802978515625	601.8807983398438
4344.0	3508.0	-343.40576171875	599.3612670898438
4344.0	3514.0	-342.739990234375	597.7012939453125
4368.0	0.0	-340.0257263183594	599.5951538085938
4368.0	3490.0	-342.5349426269531	600.130615234375
4368.0	3491.0	-345.6120910644531	598.9313354492188
4368.0	3508.0	-341.8133544921875	597.7761840820312
4368.0	3514.0	-340.744140625	597.5341796875
4368.0	3519.0	-339.73687744140625	597.4266357421875
4392.0	0.0	-340.04388427734375	599.6022338867188
4392.0	3490.0	-340.7875061035156	600.7137451171875
4392.0	3491.0	-341.75885009765625	600.9561157226562
4392.0	3508.0	-343.4820861816406	599.4791870117188
4392.0	3519.0	-340.76263427734375	597.5347290039062
4416.0	0.0	-340.1427917480469	599.6376953125
4416.0	3490.0	-340.759765625	600.772705078125
4416.0	3491.0	-341.7584533691406	600.8128662109375
4416.0	3508.0	-342.62738037109375	599.6779174804688
4416.0	3519.0	-340.84844970703125	597.7442626953125
4416.0	3525.0	-339.438720703125	597.6420288085938
4416.0	3534.0	-342.8221130371094	598.015625
4416.0	3535.0	-342.57806396484375	599.95654296875
4440.0	0.0	-340.2628173828125	599.6780395507812
4440.0	3490.0	-340.720947265625	600.7037353515625
4440.0	3491.0	-341.6840515136719	600.712158203125
4440.0	3508.0	-342.6057434082031	599.725830078125
4440.0	3519.0	-340.9209899902344	597.7986450195312
4440.0	3525.0	-339.5248107910156	597.6026611328125
4440.0	3534.0	-342.8677062988281	598.0835571289062
4440.0	3535.0	-342.5426330566406	600.0165405273438
4464.0	0.0	-340.2987365722656	599.690185546875
4464.0	3490.0	-340.6816101074219	600.64794921875
4464.0	3491.0	-341.7518005371094	600.3023071289062
4464.0	3508.0	-342.60302734375	599.7101440429688
4464.0	3519.0	-340.8882751464844	597.7796630859375
4464.0	3525.0	-339.48675537109375	597.6162109375
4464.0	3534.0	-342.8697814941406	598.0824584960938
4464.0	3535.0	-342.5545349121094	600.0032348632812
4464.0	3537.0	-342.7487487792969	601.9015502929688
4488.0	0.0	-340.3072509765625	599.693115234375
4488.0	3490.0	-340.65716552734375	600.5892333984375
4488.0	3491.0	-341.80462646484375	600.0692138671875
4488.0	3508.0	-342.60205078125	599.7088623046875
4488.0	3519.0	-340.8642272949219	597.7813110351562
4488.0	3525.0	-339.4806823730469	597.6287841796875
4488.0	3534.0	-342.85699462890625	598.0823974609375
4488.0	3537.0	-342.74652099609375	601.89111328125
4488.0	3538.0	-341.4009094238281	597.7052001953125
4488.0	3539.0	-342.0592346191406	601.851806640625
4512.0	0.0	-340.3072814941406	599.693115234375
4512.0	3490.0	-340.6224060058594	600.4705200195312
4512.0	3491.0	-341.7962951660156	599.8146362304688
4512.0	3519.0	-340.8565673828125	597.7791137695312
4512.0	3525.0	-339.4834899902344	597.6255493164062
4512.0	3534.0	-342.852294921875	598.0786743164062
4512.0	3537.0	-342.7681579589844	601.8699340820312
4512.0	3538.0	-341.38201904296875	597.72216796875
4512.0	3539.0	-342.1678466796875	602.0458984375
4536.0	0.0	-340.3072814941406	599.693115234375
4536.0	3490.0	-340.7331237792969	600.6883544921875
4536.0	3491.0	-341.5497741699219	599.6920776367188
4536.0	3519.0	-340.86553955078125	597.7442626953125
4536.0	3525.0	-339.4627990722656	597.623046875
4536.0	3534.0	-342.843505859375	598.0947265625
4536.0	3537.0	-342.7572021484375	601.8822631835938
4536.0	3538.0	-341.4040832519531	597.675048828125
4536.0	3539.0	-342.2343444824219	602.06689453125
4560.0	0.0	-340.3072509765625	599.693115234375
4560.0	3490.0	-340.6000671386719	600.5933837890625
4560.0	3491.0	-341.35833740234375	599.523193359375
4560.0	3519.0	-340.8762512207031	597.6849975585938
4560.0	3525.0	-339.4589538574219	597.631103515625
4560.0	3534.0	-342.83935546875	598.099365234375
4560.0	3537.0	-342.74713134765625	601.8724975585938
4560.0	3538.0	-341.4451599121094	597.6328125
4560.0	3539.0	-342.2034912109375	601.9944458007812
4584.0	0.0	-340.3072814941406	599.693115234375
4584.0	3490.0	-340.3936462402344	600.4824829101562
4584.0	3491.0	-341.0869445800781	599.4152221679688
4584.0	3519.0	-340.8852844238281	597.6392211914062
4584.0	3525.0	-339.46392822265625	597.6226196289062
4584.0	3534.0	-342.83563232421875	598.086669921875
4584.0	3537.0	-342.7508239746094	601.8863525390625
4584.0	3541.0	-342.62286376953125	599.6779174804688
4584.0	3538.0	-341.5576477050781	597.4447021484375
4608.0	0.0	-340.3072814941406	599.693115234375
4608.0	3490.0	-340.27655029296875	600.3744506835938
4608.0	3491.0	-340.9112854003906	599.2850952148438
4608.0	3519.0	-340.87811279296875	597.6455078125
4608.0	3525.0	-339.46466064453125	597.622314453125
4608.0	3537.0	-342.7488708496094	601.87353515625
4608.0	3541.0	-342.64422607421875	599.6366577148438
4608.0	3542.0	-341.547607421875	601.9990844726562
4608.0	3539.0	-342.2359619140625	602.06591796875
4608.0	3538.0	-343.18280029296875	594.5331420898438
4608.0	3543.0	-342.558349609375	600.0399169921875
4632.0	0.0	-340.3072509765625	599.693115234375
4632.0	3490.0	inf	-inf
4632.0	3491.0	-340.9110107421875	599.1290283203125
4632.0	3519.0	-340.82568359375	597.7188110351562
4632.0	3525.0	-339.4634094238281	597.6011962890625
4632.0	3537.0	-342.754150390625	601.8676147460938
4632.0	3541.0	-342.6314392089844	599.6397094726562
4632.0	3542.0	-341.55010986328125	602.0022583007812
4632.0	3539.0	-342.24761962890625	602.0379028320312
4632.0	3543.0	-342.5558776855469	600.001220703125
4656.0	0.0	-340.3072509765625	599.693115234375
4656.0	3490.0	-inf	-inf
4656.0	3491.0	-340.72381591796875	599.1245727539062
4656.0	3525.0	-339.46527099609375	597.5811157226562
4656.0	3537.0	-342.7625732421875	601.8792114257812
4656.0	3541.0	-342.6042785644531	599.6380004882812
4656.0	3542.0	-341.5481872558594	602.0046997070312
4656.0	3539.0	-342.1830139160156	602.0316772460938
4656.0	3543.0	-342.54901123046875	599.9925537109375
4656.0	3546.0	-344.1293640136719	601.5501708984375
4680.0	0.0	-340.30731201171875	599.693115234375
4680.0	3490.0	-337.31658935546875	601.8696899414062
4680.0	3491.0	-340.5360412597656	599.0568237304688
4680.0	3525.0	-339.4988098144531	597.5552368164062
4680.0	3537.0	-342.76263427734375	601.8792114257812
4680.0	3541.0	-342.60833740234375	599.6392822265625
4680.0	3542.0	-341.54864501953125	602.009033203125
4680.0	3539.0	-342.1754455566406	602.0704956054688
4680.0	3543.0	-342.5502014160156	599.993408203125
4680.0	3547.0	-342.8406982421875	598.0531616210938
4680.0	3548.0	-342.994384765625	598.4671020507812
4704.0	0.0	-340.3072509765625	599.693115234375
4704.0	3491.0	-340.38897705078125	598.9786987304688
4704.0	3525.0	-339.4913330078125	597.5173950195312
4704.0	3537.0	-342.773681640625	601.8576049804688
4704.0	3541.0	-342.6685485839844	599.6513671875
4704.0	3542.0	-341.5506286621094	602.005615234375
4704.0	3539.0	-342.2245788574219	602.0930786132812
4704.0	3543.0	-342.55938720703125	599.9905395507812
4704.0	3547.0	-342.8605651855469	598.0508422851562
4704.0	3548.0	-343.05853271484375	598.4774780273438
4728.0	0.0	-340.30718994140625	599.6930541992188
4728.0	3491.0	-340.31439208984375	598.8574829101562
4728.0	3525.0	-339.4784240722656	597.5372314453125
4728.0	3537.0	-342.7359619140625	601.8817749023438
4728.0	3541.0	-342.74853515625	599.728759765625
4728.0	3542.0	-341.55914306640625	602.0077514648438
4728.0	3539.0	-342.20458984375	602.0807495117188
4728.0	3543.0	-342.6504821777344	600.0173950195312
4728.0	3547.0	-342.9168395996094	597.9982299804688
4752.0	0.0	-340.30718994140625	599.6930541992188
4752.0	3491.0	-340.2390441894531	598.86962890625
4752.0	3537.0	-342.732666015625	601.8765258789062
4752.0	3541.0	-342.739501953125	599.8199462890625
4752.0	3542.0	-341.5455322265625	602.0128784179688
4752.0	3539.0	-342.24237060546875	602.1014404296875
4752.0	3547.0	-343.07666015625	597.9666748046875
4776.0	0.0	-340.3072814941406	599.693115234375
4776.0	3491.0	-340.2077331542969	598.8767700195312
4776.0	3537.0	-342.6927490234375	601.8410034179688
4776.0	3541.0	-342.7280578613281	599.8623046875
4776.0	3542.0	-341.55047607421875	602.0125122070312
4776.0	3539.0	-342.28533935546875	602.1419677734375
4776.0	3547.0	-343.16131591796875	597.9863891601562
4776.0	3549.0	-343.24041748046875	599.2838745117188
4776.0	3551.0	-341.53253173828125	597.4716796875
4800.0	0.0	-340.30731201171875	599.693115234375
4800.0	3491.0	-340.1273193359375	598.8348388671875
4800.0	3537.0	-342.6701354980469	601.7803344726562
4800.0	3541.0	-342.7310791015625	599.8468017578125
4800.0	3542.0	-341.56170654296875	602.0110473632812
4800.0	3539.0	-342.27557373046875	602.1473388671875
4800.0	3547.0	-343.2409362792969	598.0073852539062
4800.0	3549.0	-346.0101318359375	598.7696533203125
4800.0	3551.0	-341.5401306152344	597.4849243164062
4824.0	0.0	-340.3073425292969	599.693115234375
4824.0	3491.0	-339.9949951171875	598.74755859375
4824.0	3537.0	-342.641845703125	601.658935546875
4824.0	3541.0	-342.68817138671875	599.8290405273438
4824.0	3542.0	-341.5401306152344	601.970458984375
4824.0	3539.0	-342.273193359375	602.1543579101562
4824.0	3547.0	-343.3384704589844	597.8855590820312
4824.0	3549.0	-346.0060119628906	598.76904296875
4824.0	3551.0	-341.54376220703125	597.4733276367188
4824.0	3552.0	-340.8662109375	597.5621948242188
4848.0	0.0	-340.3073425292969	599.693115234375
4848.0	3491.0	-339.9669189453125	598.70556640625
4848.0	3537.0	-342.4571533203125	601.39794921875
4848.0	3541.0	-342.654541015625	599.7991943359375
4848.0	3542.0	-341.4447937011719	601.917724609375
4848.0	3539.0	-342.2621154785156	602.1656494140625
4848.0	3547.0	-343.388671875	597.8723754882812
4848.0	3549.0	-343.2010803222656	599.3059692382812
4848.0	3551.0	-341.5435791015625	597.4732055664062
4848.0	3552.0	-340.8661193847656	597.5704345703125
4872.0	0.0	-340.3072509765625	599.693115234375
4872.0	3491.0	-339.9006652832031	598.721923828125
4872.0	3537.0	-342.2712097167969	601.13037109375
4872.0	3541.0	-342.65093994140625	599.8297729492188
4872.0	3542.0	-341.4158020019531	601.863037109375
4872.0	3539.0	-342.23431396484375	602.1520385742188
4872.0	3547.0	-344.7376403808594	597.1683959960938
4872.0	3549.0	-343.2626953125	599.384033203125
4872.0	3551.0	-341.54705810546875	597.479736328125
4872.0	3552.0	-340.8620910644531	597.5631713867188
4896.0	0.0	-340.30731201171875	599.693115234375
4896.0	3491.0	-339.9106140136719	598.7072143554688
4896.0	3537.0	-342.1231384277344	600.7866821289062
4896.0	3541.0	-342.6365051269531	599.8665771484375
4896.0	3542.0	-341.4459228515625	601.8812255859375
4896.0	3539.0	-342.2553405761719	602.0868530273438
4896.0	3547.0	-343.4252624511719	598.0101928710938
4896.0	3549.0	-346.06671142578125	599.12744140625
4896.0	3551.0	-341.552490234375	597.4782104492188
4896.0	3552.0	-340.8644104003906	597.5679321289062
4920.0	0.0	-340.30731201171875	599.693115234375
4920.0	3491.0	-339.9443359375	598.6902465820312
4920.0	3537.0	-341.9732360839844	600.5236206054688
4920.0	3541.0	-342.63671875	599.88916015625
4920.0	3542.0	-341.47210693359375	601.9520874023438
4920.0	3539.0	-342.2376708984375	602.0626831054688
4920.0	3549.0	-346.03643798828125	599.1468505859375
4920.0	3551.0	-341.551513671875	597.4730834960938
4920.0	3552.0	-340.8633728027344	597.5593872070312
4920.0	3547.0	-343.4177551269531	598.0040893554688
4944.0	0.0	-340.30731201171875	599.693115234375
4944.0	3491.0	-339.9506530761719	598.6837768554688
4944.0	3537.0	-341.7998962402344	600.2109985351562
4944.0	3541.0	-342.6304626464844	599.892333984375
4944.0	3542.0	-341.5289001464844	602.0533447265625
4944.0	3539.0	-342.2419128417969	602.078857421875
4944.0	3549.0	-346.0492248535156	599.1541137695312
4944.0	3551.0	-341.5532531738281	597.4923095703125
4944.0	3552.0	-340.85748291015625	597.5764770507812
4944.0	3547.0	-343.48797607421875	597.823486328125
4968.0	0.0	-340.3072509765625	599.693115234375
4968.0	3491.0	-339.9344177246094	598.6915893554688
4968.0	3537.0	-341.7532653808594	599.9345092773438
4968.0	3541.0	-341.9917297363281	599.7566528320312
4968.0	3542.0	-341.5318603515625	602.1011962890625
4968.0	3539.0	-342.2118225097656	602.1054077148438
4968.0	3551.0	-341.5556945800781	597.5028686523438
4968.0	3552.0	-340.8556213378906	597.5856323242188
4968.0	3547.0	-343.5735168457031	597.6749877929688
4992.0	0.0	-340.3072814941406	599.693115234375
4992.0	3491.0	-339.9244079589844	598.6890869140625
4992.0	3537.0	-341.8295593261719	599.7631225585938
4992.0	3542.0	-341.53472900390625	602.1094970703125
4992.0	3539.0	-342.1702880859375	602.177734375
4992.0	3551.0	-341.5542297363281	597.506591796875
4992.0	3552.0	-340.85845947265625	597.5725708007812
5016.0	0.0	-340.3072204589844	599.6930541992188
5016.0	3491.0	-339.926025390625	598.6884765625
5016.0	3537.0	-341.8760070800781	599.400634765625
5016.0	3539.0	-342.1195983886719	602.2001342773438
5016.0	3551.0	-341.54901123046875	597.5219116210938
5016.0	3552.0	-340.8626403808594	597.5819091796875
5016.0	3553.0	-342.6306457519531	599.86328125
5016.0	3542.0	-341.531982421875	602.097412109375
5040.0	0.0	-340.3072814941406	599.693115234375
5040.0	3491.0	-339.92803955078125	598.7005615234375
5040.0	3537.0	-341.967041015625	599.2506713867188
5040.0	3539.0	-342.146240234375	602.1956176757812
5040.0	3551.0	-341.5536804199219	597.5108642578125
5040.0	3552.0	-340.8645324707031	597.5741577148438
5040.0	3553.0	-342.6273498535156	599.8539428710938
5040.0	3542.0	-341.5367736816406	602.096435546875
5064.0	0.0	-340.3073425292969	599.693115234375
5064.0	3491.0	-339.9264831542969	598.7009887695312
5064.0	3537.0	-342.0956115722656	598.9014282226562
5064.0	3539.0	-342.1454162597656	602.2037353515625
5064.0	3551.0	-341.5535888671875	597.4970703125
5064.0	3552.0	-340.8611145019531	597.577392578125
5064.0	3553.0	-342.625	599.875244140625
5064.0	3542.0	-341.53448486328125	602.0962524414062
5088.0	0.0	-340.3072509765625	599.693115234375
5088.0	3491.0	-339.9312438964844	598.6992797851562
5088.0	3537.0	-342.27264404296875	598.750732421875
5088.0	3539.0	-342.15093994140625	602.2218017578125
5088.0	3551.0	-341.5483703613281	597.4987182617188
5088.0	3552.0	-340.862548828125	597.579833984375
5088.0	3553.0	-342.6380310058594	599.8430786132812
5088.0	3542.0	-341.5182800292969	602.0923461914062
5112.0	0.0	-340.3072204589844	599.6930541992188
5112.0	3491.0	-339.9269104003906	598.6987915039062
5112.0	3537.0	-342.3836669921875	598.5977172851562
5112.0	3539.0	-342.1695861816406	602.23046875
5112.0	3551.0	-341.5555419921875	597.4890747070312
5112.0	3552.0	-340.863525390625	597.5731811523438
5112.0	3553.0	-342.6486511230469	599.79443359375
5112.0	3542.0	-341.52825927734375	602.0917358398438
5136.0	0.0	-340.30718994140625	599.6930541992188
5136.0	3491.0	-339.93115234375	598.7035522460938
5136.0	3537.0	-342.4220886230469	598.4431762695312
5136.0	3539.0	-342.15789794921875	602.2415161132812
5136.0	3551.0	-341.55279541015625	597.5057983398438
5136.0	3552.0	-340.8609924316406	597.56494140625
5136.0	3553.0	-342.691162109375	599.782470703125
5136.0	3542.0	-341.5212707519531	602.0975341796875
5160.0	0.0	-340.3073425292969	599.693115234375
5160.0	3491.0	-339.9259338378906	598.6970825195312
5160.0	3537.0	-342.3954772949219	598.2512817382812
5160.0	3539.0	-342.1617126464844	602.2239379882812
5160.0	3551.0	-341.5545349121094	597.5113525390625
5160.0	3552.0	-340.86053466796875	597.5813598632812
5160.0	3553.0	-342.7458190917969	599.7942504882812
5160.0	3542.0	-341.52099609375	602.0918579101562
5160.0	3555.0	-342.939208984375	601.55078125
5184.0	0.0	-340.307373046875	599.693115234375
5184.0	3491.0	-339.92681884765625	598.6973876953125
5184.0	3537.0	-343.7477111816406	597.218017578125
5184.0	3539.0	-342.16741943359375	602.2198486328125
5184.0	3551.0	-341.5646057128906	597.498779296875
5184.0	3552.0	-340.8590087890625	597.5809936523438
5184.0	3553.0	-342.7807312011719	599.8690795898438
5184.0	3542.0	-341.5251159667969	602.0942993164062
5184.0	3556.0	-343.6165771484375	601.1129760742188
5208.0	0.0	-340.3074035644531	599.693115234375
5208.0	3491.0	-339.9288024902344	598.694580078125
5208.0	3537.0	-342.4873962402344	598.114501953125
5208.0	3539.0	-342.1542663574219	602.214599609375
5208.0	3551.0	-341.55157470703125	597.5278930664062
5208.0	3552.0	-340.85577392578125	597.5835571289062
5208.0	3553.0	-342.8056640625	599.9310913085938
5208.0	3542.0	-341.52764892578125	602.0921630859375
5208.0	3556.0	-343.22027587890625	600.835693359375
5208.0	3557.0	-342.56097412109375	598.5074462890625
5232.0	0.0	-340.3074035644531	599.693115234375
5232.0	3491.0	-339.9288635253906	598.6981811523438
5232.0	3537.0	-342.35003662109375	598.1209716796875
5232.0	3539.0	-342.151611328125	602.2191162109375
5232.0	3551.0	-341.5580139160156	597.4995727539062
5232.0	3552.0	-340.8514404296875	597.5831298828125
5232.0	3553.0	-342.87579345703125	599.9544067382812
5232.0	3542.0	-341.5065002441406	602.109619140625
5232.0	3556.0	-342.8407287597656	600.5120239257812
5256.0	0.0	-340.31304931640625	599.695068359375
5256.0	3491.0	-339.93084716796875	598.6962280273438
5256.0	3537.0	-342.3141174316406	598.1309814453125
5256.0	3539.0	-342.1386413574219	602.23486328125
5256.0	3551.0	-341.55194091796875	597.5140991210938
5256.0	3552.0	-340.847900390625	597.5816650390625
5256.0	3553.0	-342.95294189453125	599.8914794921875
5256.0	3542.0	-341.52105712890625	602.1019897460938
5256.0	3556.0	-342.3139343261719	600.2527465820312
5280.0	0.0	-340.433837890625	599.7366333007812
5280.0	3491.0	-340.0043029785156	598.6871337890625
5280.0	3537.0	-342.2976379394531	598.2630004882812
5280.0	3539.0	-342.207763671875	602.229248046875
5280.0	3551.0	-341.5918273925781	597.6480712890625
5280.0	3552.0	-340.9445495605469	597.6283569335938
5280.0	3542.0	-341.5807189941406	602.0966186523438
5280.0	3556.0	-342.33392333984375	600.01708984375
5304.0	0.0	-340.5838317871094	599.78857421875
5304.0	3537.0	-342.3199768066406	598.2784423828125
5304.0	3539.0	-342.1900634765625	602.1737060546875
5304.0	3551.0	-341.60260009765625	597.6660766601562
5304.0	3552.0	-341.0030517578125	597.6234130859375
5304.0	3542.0	-341.6264343261719	602.0592041015625
5304.0	3556.0	-342.5411071777344	599.6007080078125
5304.0	3558.0	-342.9286804199219	601.5677490234375
5328.0	0.0	-340.6498107910156	599.8116455078125
5328.0	3537.0	-342.3145446777344	598.260009765625
5328.0	3539.0	-342.1442565917969	602.208740234375
5328.0	3552.0	-340.9652099609375	597.5961303710938
5328.0	3542.0	-341.57037353515625	602.0780029296875
5328.0	3556.0	-342.8108825683594	599.2548828125
5328.0	3558.0	-342.923828125	601.5574951171875
5328.0	3551.0	-341.5810546875	597.6552734375
5328.0	3559.0	-343.02447509765625	599.893310546875
5352.0	0.0	-340.72430419921875	599.838623046875
5352.0	3539.0	-342.1387634277344	602.2042236328125
5352.0	3552.0	-341.00091552734375	597.60302734375
5352.0	3542.0	-341.5477600097656	602.0877685546875
5352.0	3556.0	-343.24969482421875	599.0398559570312
5352.0	3558.0	-342.928955078125	601.5653076171875
5352.0	3559.0	-343.03057861328125	599.9176025390625
5352.0	3537.0	-342.40875244140625	598.1868896484375
5376.0	0.0	-340.83270263671875	599.8822631835938
5376.0	3539.0	-342.0809020996094	602.2201538085938
5376.0	3552.0	-341.1199951171875	597.6134033203125
5376.0	3542.0	-341.4995422363281	602.0834350585938
5376.0	3556.0	-343.64105224609375	599.1417236328125
5376.0	3558.0	-342.8667297363281	601.615234375
5376.0	3559.0	-342.9910583496094	600.0061645507812
5376.0	3537.0	-342.653076171875	598.1636352539062
5400.0	0.0	-340.9547424316406	599.93798828125
5400.0	3539.0	-342.1228942871094	602.1804809570312
5400.0	3552.0	-341.08416748046875	597.5933837890625
5400.0	3542.0	-341.5419006347656	602.0491943359375
5400.0	3556.0	-343.9914855957031	598.8943481445312
5400.0	3558.0	-342.9031677246094	601.5574951171875
5400.0	3559.0	-342.9870300292969	599.947998046875
5400.0	3537.0	-342.77459716796875	598.0938110351562
5424.0	0.0	-341.0608215332031	599.9895629882812
5424.0	3539.0	-342.1412658691406	602.1798706054688
5424.0	3552.0	-341.0516052246094	597.5901489257812
5424.0	3542.0	-341.56597900390625	602.0338134765625
5424.0	3556.0	-344.2014465332031	598.8684692382812
5424.0	3558.0	-342.92236328125	601.5303955078125
5424.0	3559.0	-342.9977722167969	599.9267578125
5424.0	3537.0	-342.93963623046875	597.909912109375
5448.0	0.0	-341.1871032714844	600.050048828125
5448.0	3539.0	-342.2255859375	602.1691284179688
5448.0	3552.0	-340.9956970214844	597.5990600585938
5448.0	3542.0	-341.6441955566406	602.03857421875
5448.0	3556.0	-344.3367614746094	598.7870483398438
5448.0	3558.0	-342.9898986816406	601.4806518554688
5448.0	3559.0	-343.02783203125	599.891357421875
5448.0	3562.0	-343.3097229003906	598.1300048828125
5472.0	0.0	-341.4284973144531	600.1475219726562
5472.0	3539.0	-342.35858154296875	602.16552734375
5472.0	3552.0	-341.0025634765625	597.6046142578125
5472.0	3542.0	-341.79302978515625	602.0403442382812
5472.0	3556.0	-344.5529479980469	598.5953369140625
5472.0	3558.0	-343.11016845703125	601.4873657226562
5472.0	3559.0	-343.07177734375	599.8649291992188
5472.0	3562.0	-343.3360290527344	598.0965576171875
5496.0	0.0	-341.6866149902344	600.2440185546875
5496.0	3539.0	-342.2436218261719	602.1098022460938
5496.0	3552.0	-341.19439697265625	597.5363159179688
5496.0	3542.0	-341.7515563964844	602.0220336914062
5496.0	3558.0	-342.8824157714844	601.3896484375
5496.0	3559.0	-343.0082702636719	599.9885864257812
5496.0	3562.0	-343.3746032714844	598.3011474609375
5496.0	3565.0	-341.2685546875	602.1290893554688
5496.0	3556.0	-344.74237060546875	598.6424560546875
5520.0	0.0	-341.8716125488281	600.3146362304688
5520.0	3539.0	-342.2217712402344	602.112548828125
5520.0	3552.0	-341.13739013671875	597.5158081054688
5520.0	3542.0	-341.7204895019531	601.9906005859375
5520.0	3558.0	-342.938232421875	601.4901733398438
5520.0	3559.0	-343.0072937011719	599.9845581054688
5520.0	3562.0	-343.3770446777344	598.277099609375
5520.0	3565.0	-341.24237060546875	602.0963745117188
5520.0	3556.0	-344.86572265625	598.5228881835938
5520.0	3566.0	-345.0129089355469	601.598876953125
5544.0	0.0	-342.09698486328125	600.4017944335938
5544.0	3539.0	-342.26397705078125	602.0835571289062
5544.0	3552.0	-341.18621826171875	597.4927368164062
5544.0	3542.0	-341.7696533203125	602.080078125
5544.0	3558.0	-343.0189208984375	601.4242553710938
5544.0	3559.0	-343.0133361816406	600.0192260742188
5544.0	3562.0	-343.4454650878906	598.348388671875
5544.0	3565.0	-341.34588623046875	602.113525390625
5568.0	0.0	-342.32086181640625	600.490234375
5568.0	3539.0	-342.291259765625	602.0820922851562
5568.0	3552.0	-341.1944580078125	597.4697265625
5568.0	3542.0	-341.81134033203125	602.0824584960938
5568.0	3558.0	-343.0220642089844	601.4075927734375
5568.0	3559.0	-343.030029296875	600.0523681640625
5568.0	3562.0	-343.47943115234375	598.3296508789062
5568.0	3567.0	-343.8110656738281	600.0913696289062
5568.0	3568.0	-342.5380859375	597.5883178710938
5568.0	3565.0	-341.52117919921875	601.9078979492188
5592.0	0.0	-342.52056884765625	600.569580078125
5592.0	3539.0	-342.3390197753906	602.1294555664062
5592.0	3542.0	-341.8335876464844	602.1082763671875
5592.0	3558.0	-342.950927734375	601.4326782226562
5592.0	3559.0	-343.0330505371094	600.0969848632812
5592.0	3567.0	-343.81341552734375	600.1058349609375
5592.0	3568.0	-342.5304260253906	597.5701293945312
5616.0	0.0	-342.7517395019531	600.6605224609375
5616.0	3539.0	-342.3928527832031	602.1565551757812
5616.0	3542.0	-341.8962707519531	602.1630859375
5616.0	3558.0	-343.0074462890625	601.3815307617188
5616.0	3559.0	-343.1627197265625	600.1406860351562
5616.0	3567.0	-343.8508605957031	600.1284790039062
5616.0	3568.0	-342.576171875	597.53759765625
5616.0	3569.0	-345.8844909667969	602.2095336914062
5640.0	0.0	-342.98138427734375	600.7508544921875
5640.0	3539.0	-342.4246826171875	602.18505859375
5640.0	3542.0	-341.9305114746094	602.1827392578125
5640.0	3558.0	-343.0745849609375	601.47705078125
5640.0	3559.0	-344.5895080566406	597.9268798828125
5640.0	3567.0	-343.8702087402344	600.1302490234375
5640.0	3568.0	-342.6430358886719	597.5089721679688
5640.0	3569.0	-345.4902038574219	602.1190185546875
5664.0	0.0	-343.1292419433594	600.808837890625
5664.0	3539.0	-342.43829345703125	602.2274780273438
5664.0	3542.0	-342.1077880859375	602.0126953125
5664.0	3558.0	-343.1216735839844	601.54248046875
5664.0	3559.0	-343.34161376953125	599.9976806640625
5664.0	3567.0	-343.8481750488281	600.1369018554688
5664.0	3569.0	-345.2801513671875	601.98583984375
5664.0	3571.0	-344.3284912109375	600.3350830078125
5688.0	0.0	-343.23089599609375	600.84423828125
5688.0	3539.0	-342.877197265625	601.4511108398438
5688.0	3542.0	-342.1488952636719	601.9805297851562
5688.0	3558.0	-343.0953063964844	601.5352783203125
5688.0	3559.0	-343.2378234863281	600.0722045898438
5688.0	3567.0	-343.81829833984375	600.0574951171875
5688.0	3569.0	-345.03680419921875	602.090576171875
5688.0	3571.0	-344.36651611328125	600.1865234375
5688.0	3573.0	-344.7699279785156	602.3748168945312
5712.0	0.0	-343.3985595703125	600.8945922851562
5712.0	3539.0	-342.9771423339844	601.477783203125
5712.0	3542.0	-342.2002258300781	601.9759521484375
5712.0	3558.0	-343.1710510253906	601.5654296875
5712.0	3559.0	-343.3323059082031	600.0347290039062
5712.0	3567.0	-343.8634033203125	600.1087646484375
5712.0	3569.0	-344.81829833984375	602.1791381835938
5712.0	3571.0	-344.443603515625	600.2376708984375
5712.0	3574.0	-344.5859680175781	600.5513305664062
5712.0	3575.0	-344.1973571777344	603.7679443359375
5736.0	0.0	-343.6901550292969	600.9794921875
5736.0	3542.0	-342.977294921875	601.4668579101562
5736.0	3558.0	-343.2086181640625	601.68701171875
5736.0	3559.0	-343.4491882324219	599.9397583007812
5736.0	3567.0	-343.97064208984375	600.2362060546875
5736.0	3569.0	-344.5507507324219	602.138427734375
5736.0	3571.0	-344.5290832519531	600.3824462890625
5736.0	3574.0	-344.7328186035156	600.5966796875
5736.0	3575.0	-344.2284240722656	603.7791137695312
5736.0	3576.0	-343.069091796875	604.1113891601562
5760.0	0.0	-343.9886779785156	601.0692138671875
5760.0	3558.0	-343.20623779296875	601.6609497070312
5760.0	3559.0	-343.45501708984375	599.9417724609375
5760.0	3567.0	-344.1249084472656	600.0836181640625
5760.0	3569.0	-344.4012145996094	602.127685546875
5760.0	3571.0	-344.62677001953125	600.4243774414062
5760.0	3574.0	-344.8070068359375	600.6241455078125
5760.0	3575.0	-344.0763244628906	602.4000244140625
5760.0	3576.0	-342.6667785644531	603.9766845703125
5784.0	0.0	-344.2447814941406	601.1558837890625
5784.0	3558.0	-343.06121826171875	601.8228759765625
5784.0	3567.0	-344.17913818359375	599.8942260742188
5784.0	3569.0	-344.2651672363281	602.15283203125
5784.0	3571.0	-344.6551208496094	600.4595336914062
5784.0	3574.0	-344.8495788574219	600.6725463867188
5784.0	3576.0	-342.2301330566406	603.8698120117188
5784.0	3577.0	-345.4380798339844	603.078125
5808.0	0.0	-344.4318542480469	601.2225341796875
5808.0	3567.0	-344.1317138671875	599.960693359375
5808.0	3569.0	-344.29510498046875	602.0816040039062
5808.0	3571.0	-344.6819763183594	600.4393920898438
5808.0	3574.0	-344.8638610839844	600.6890258789062
5808.0	3576.0	-341.84130859375	603.7354736328125
5808.0	3577.0	-345.51470947265625	603.1387939453125
5832.0	0.0	-344.67303466796875	601.3103637695312
5832.0	3567.0	-344.14385986328125	599.94482421875
5832.0	3569.0	-344.3061218261719	602.2448120117188
5832.0	3571.0	-344.7626953125	600.4493408203125
5832.0	3574.0	-344.9667053222656	600.7056884765625
5832.0	3576.0	-341.3984375	603.5936889648438
5832.0	3577.0	-345.5326843261719	603.1250610351562
5832.0	3578.0	-345.6240234375	600.6295776367188
5856.0	0.0	-344.9603271484375	601.4161376953125
5856.0	3569.0	-343.2828369140625	604.0057983398438
5856.0	3571.0	-344.8583679199219	600.662353515625
5856.0	3574.0	-345.12823486328125	600.7510375976562
5856.0	3577.0	-345.585693359375	603.1174926757812
5856.0	3578.0	-345.681884765625	600.670654296875
5856.0	3579.0	-349.35430908203125	603.2020263671875
5856.0	3580.0	-348.4012451171875	601.0245361328125
5856.0	3581.0	-346.9869384765625	600.4801635742188
5856.0	3582.0	-344.4017028808594	603.5347290039062
5880.0	0.0	-345.1729736328125	601.4962158203125
5880.0	3569.0	-344.22216796875	602.349853515625
5880.0	3571.0	-344.92279052734375	600.62841796875
5880.0	3574.0	-345.1933288574219	600.8019409179688
5880.0	3577.0	-345.5412902832031	603.0308227539062
5880.0	3578.0	-345.7291564941406	600.7120361328125
5880.0	3579.0	-349.35992431640625	603.1912841796875
5880.0	3581.0	-347.1683044433594	600.4034423828125
5880.0	3582.0	-344.6178894042969	603.02490234375
5880.0	3583.0	-346.88916015625	604.2559814453125
5880.0	3580.0	-348.3830871582031	601.0496215820312
5904.0	0.0	-345.26556396484375	601.53173828125
5904.0	3569.0	-344.2677917480469	602.2203369140625
5904.0	3574.0	-345.1587829589844	600.7876586914062
5904.0	3577.0	-345.4617614746094	603.0477294921875
5904.0	3578.0	-345.6551513671875	600.7794189453125
5904.0	3579.0	-349.33880615234375	603.189208984375
5904.0	3581.0	-347.1103515625	600.5233154296875
5904.0	3582.0	-344.6581115722656	602.9817504882812
5904.0	3583.0	-346.87384033203125	604.0830688476562
5904.0	3580.0	-348.3633117675781	601.0236206054688
5928.0	0.0	-345.3511047363281	601.5708618164062
5928.0	3569.0	-344.26629638671875	602.1566772460938
5928.0	3574.0	-345.23297119140625	600.77734375
5928.0	3577.0	-345.3741760253906	603.0309448242188
5928.0	3578.0	-345.73529052734375	600.781494140625
5928.0	3579.0	-349.2139587402344	603.4924926757812
5928.0	3581.0	-347.12261962890625	600.8599853515625
5928.0	3583.0	-346.7970886230469	603.8938598632812
5928.0	3580.0	-348.4012451171875	601.2344970703125
5928.0	3584.0	-346.45367431640625	600.3263549804688
5952.0	0.0	-345.4549255371094	601.63134765625
5952.0	3569.0	-344.2627868652344	602.2070922851562
5952.0	3577.0	-345.4065246582031	603.019287109375
5952.0	3578.0	-345.8033142089844	600.7564697265625
5952.0	3579.0	-349.2435607910156	603.4384765625
5952.0	3581.0	-347.0875549316406	601.0318603515625
5952.0	3583.0	-346.8984069824219	603.4901123046875
5952.0	3580.0	-347.1966552734375	601.3892211914062
5952.0	3584.0	-346.4504699707031	600.3527221679688
5976.0	0.0	-345.55865478515625	601.70166015625
5976.0	3569.0	-344.2876281738281	602.2704467773438
5976.0	3577.0	-345.4573059082031	603.0451049804688
5976.0	3578.0	-345.86688232421875	600.763427734375
5976.0	3581.0	-347.0874938964844	601.0704345703125
5976.0	3583.0	-347.07220458984375	603.2254638671875
5976.0	3584.0	-346.4919128417969	600.3511352539062
5976.0	3579.0	-349.29180908203125	603.341796875
6000.0	0.0	-345.691650390625	601.7994384765625
6000.0	3569.0	-344.27587890625	602.34033203125
6000.0	3577.0	-345.5137023925781	603.0879516601562
6000.0	3578.0	-345.9163513183594	600.7540283203125
6000.0	3581.0	-347.1305847167969	601.0986938476562
6000.0	3583.0	-347.2497863769531	602.9523315429688
6000.0	3584.0	-346.4964294433594	600.4070434570312
6000.0	3579.0	-349.335205078125	603.28125
6024.0	0.0	-345.81903076171875	601.8977661132812
6024.0	3569.0	-344.2339782714844	602.385986328125
6024.0	3577.0	-345.5443420410156	603.12939453125
6024.0	3578.0	-345.9283752441406	600.7086181640625
6024.0	3581.0	-347.1239929199219	601.11376953125
6024.0	3583.0	-347.38421630859375	602.7479248046875
6024.0	3584.0	-346.5414733886719	600.419677734375
6024.0	3586.0	-349.7652893066406	602.863037109375
6048.0	0.0	-345.96173095703125	602.0193481445312
6048.0	3569.0	-344.2978210449219	602.308837890625
6048.0	3577.0	-345.51434326171875	603.0902099609375
6048.0	3578.0	-345.9719543457031	600.6796875
6048.0	3581.0	-347.3746032714844	600.9414672851562
6048.0	3583.0	-347.6692199707031	602.6924438476562
6048.0	3584.0	-346.6053466796875	600.4234619140625
6048.0	3588.0	-347.4750671386719	601.3411254882812
6048.0	3589.0	-348.0857849121094	604.1109619140625
6072.0	0.0	-346.1011047363281	602.1637573242188
6072.0	3569.0	-344.2825012207031	602.2894287109375
6072.0	3577.0	-345.51507568359375	603.093505859375
6072.0	3581.0	-347.5025634765625	600.97802734375
6072.0	3583.0	-347.856689453125	602.7284545898438
6072.0	3584.0	-346.7752380371094	600.3590698242188
6072.0	3588.0	-347.432861328125	601.5517578125
6072.0	3589.0	-348.036376953125	604.1937866210938
6072.0	3591.0	-347.61163330078125	603.2095947265625
6096.0	0.0	-346.2277526855469	602.325927734375
6096.0	3569.0	-344.2734375	602.3276977539062
6096.0	3577.0	-345.53192138671875	603.1135864257812
6096.0	3581.0	-347.0971374511719	601.3177490234375
6096.0	3583.0	-348.0075988769531	602.5315551757812
6096.0	3584.0	-346.6748046875	600.4157104492188
6096.0	3588.0	-351.5360412597656	598.8027954101562
6096.0	3589.0	-348.1058044433594	604.1132202148438
6096.0	3591.0	-347.7958068847656	602.9821166992188
6120.0	0.0	-346.34619140625	602.5007934570312
6120.0	3569.0	-344.21295166015625	602.4324340820312
6120.0	3577.0	-345.5866394042969	603.1875610351562
6120.0	3583.0	-348.1663513183594	602.5202026367188
6120.0	3588.0	-347.1879577636719	601.5465698242188
6120.0	3589.0	-348.15576171875	604.08349609375
6120.0	3591.0	-347.98968505859375	602.93408203125
6120.0	3592.0	-348.5558776855469	601.3075561523438
6144.0	0.0	-346.45941162109375	602.6907958984375
6144.0	3569.0	-344.2105712890625	602.4429931640625
6144.0	3577.0	-345.6021728515625	603.2174682617188
6144.0	3583.0	-348.281005859375	602.54541015625
6144.0	3588.0	-347.048583984375	601.5
6144.0	3589.0	-348.1550598144531	604.0908203125
6144.0	3591.0	-348.2480163574219	602.9879760742188
6168.0	0.0	-346.564453125	602.8997802734375
6168.0	3569.0	-344.2217712402344	602.447265625
6168.0	3577.0	-345.5950622558594	603.2197875976562
6168.0	3583.0	-348.43170166015625	602.4349365234375
6168.0	3589.0	-348.18212890625	604.0556640625
6168.0	3591.0	-348.5077819824219	602.9990844726562
6168.0	3593.0	-348.4774169921875	600.8787841796875
6168.0	3594.0	-348.69000244140625	601.4052734375
6168.0	3595.0	-348.0965270996094	600.3607177734375
6168.0	3596.0	-349.5843811035156	604.0693359375
6192.0	0.0	-346.662353515625	603.1427001953125
6192.0	3569.0	-344.2386474609375	602.4407958984375
6192.0	3577.0	-345.6050109863281	603.2545776367188
6192.0	3583.0	-348.7135314941406	602.5081176757812
6192.0	3589.0	-348.1151428222656	604.1765747070312
6192.0	3591.0	-348.82037353515625	603.0647583007812
6192.0	3593.0	-348.5071105957031	601.1716918945312
6192.0	3594.0	-349.3063049316406	601.207275390625
6192.0	3595.0	-348.005126953125	600.6593017578125
6192.0	3596.0	-349.546875	604.1951293945312
6192.0	3597.0	-349.3219299316406	603.5733642578125
6216.0	0.0	-346.70965576171875	603.2955322265625
6216.0	3569.0	-345.6161193847656	602.885986328125
6216.0	3577.0	-345.6255187988281	603.232666015625
6216.0	3583.0	-348.93463134765625	602.5390625
6216.0	3589.0	-348.1142883300781	604.1779174804688
6216.0	3591.0	-348.9533386230469	603.0023803710938
6216.0	3594.0	-349.2762145996094	601.18603515625
6216.0	3596.0	-349.54217529296875	604.181884765625
6216.0	3597.0	-349.3360900878906	603.5424194335938
6216.0	3598.0	-348.69329833984375	602.13818359375
6240.0	0.0	-346.71490478515625	603.3153686523438
6240.0	3569.0	-345.6080322265625	602.8955078125
6240.0	3577.0	-345.6044921875	603.2476196289062
6240.0	3583.0	-349.0451354980469	602.553466796875
6240.0	3589.0	-348.0831298828125	604.1971435546875
6240.0	3591.0	-349.0044860839844	603.0436401367188
6240.0	3594.0	-349.2877502441406	601.2464599609375
6240.0	3596.0	-348.5574951171875	603.9137573242188
6240.0	3597.0	-349.3348083496094	603.5913696289062
6240.0	3598.0	-348.7347717285156	602.1683349609375
