120.0	0.0	206.03831481933594	-64.23358154296875
144.0	0.0	206.03831481933594	-64.23358154296875
144.0	691.0	197.9694366455078	-71.0180892944336
144.0	706.0	202.37559509277344	-66.56178283691406
144.0	708.0	202.1441192626953	-62.61748123168945
168.0	0.0	206.038330078125	-64.23358154296875
168.0	691.0	202.74703979492188	-66.92774963378906
168.0	706.0	200.71363830566406	-66.8279800415039
168.0	708.0	204.2399444580078	-63.07423400878906
192.0	0.0	206.0384979248047	-64.23355102539062
192.0	691.0	197.8885955810547	-70.94792938232422
192.0	706.0	201.88583374023438	-65.62433624267578
192.0	708.0	204.146484375	-62.25406265258789
192.0	713.0	202.40780639648438	-66.37936401367188
216.0	0.0	206.03855895996094	-64.2335433959961
216.0	691.0	197.85614013671875	-70.93875885009766
216.0	706.0	192.4474639892578	-68.2419662475586
216.0	708.0	204.65196228027344	-62.1790657043457
216.0	713.0	202.3591766357422	-66.4124755859375
240.0	0.0	206.03855895996094	-64.2335433959961
240.0	691.0	197.8342742919922	-70.91194915771484
240.0	706.0	201.4012908935547	-65.55279541015625
240.0	708.0	204.80078125	-62.137001037597656
240.0	713.0	202.35887145996094	-66.41189575195312
264.0	0.0	206.0388641357422	-64.23348999023438
264.0	691.0	197.4077606201172	-70.34697723388672
264.0	706.0	199.8935546875	-65.49298858642578
264.0	708.0	205.9581298828125	-61.955265045166016
264.0	713.0	202.02072143554688	-66.58428955078125
288.0	0.0	206.03875732421875	-64.23350524902344
288.0	691.0	201.61871337890625	-66.84368133544922
288.0	706.0	199.2219696044922	-65.33326721191406
288.0	708.0	207.25482177734375	-61.79794692993164
312.0	0.0	206.03689575195312	-64.23383331298828
312.0	691.0	200.6565399169922	-67.32223510742188
312.0	706.0	198.55723571777344	-65.30131530761719
312.0	717.0	198.78904724121094	-70.94290161132812
336.0	0.0	205.93890380859375	-64.25127410888672
336.0	691.0	191.2025146484375	-72.54320526123047
336.0	706.0	197.7016143798828	-65.43055725097656
336.0	717.0	198.9056396484375	-71.15152740478516
360.0	0.0	205.6019744873047	-64.3114013671875
360.0	691.0	200.86915588378906	-66.89742279052734
360.0	706.0	197.0645751953125	-65.38579559326172
384.0	0.0	205.18931579589844	-64.38545989990234
384.0	691.0	200.9311981201172	-66.73819732666016
384.0	706.0	196.31063842773438	-65.49406433105469
384.0	709.0	208.73757934570312	-67.16797637939453
384.0	717.0	199.32839965820312	-71.1001205444336
408.0	0.0	204.7834014892578	-64.45638275146484
408.0	691.0	200.8687744140625	-66.67313385009766
408.0	706.0	195.6843719482422	-65.41307067871094
408.0	709.0	208.0027618408203	-67.24576568603516
408.0	717.0	200.01287841796875	-70.86521911621094
432.0	0.0	204.39178466796875	-64.52120208740234
432.0	691.0	200.8539581298828	-66.58878326416016
432.0	709.0	207.37779235839844	-67.39425659179688
432.0	717.0	200.46371459960938	-70.64817810058594
456.0	0.0	203.98153686523438	-64.58177947998047
456.0	691.0	200.815673828125	-66.56942749023438
456.0	709.0	206.70199584960938	-67.4278335571289
456.0	717.0	200.95420837402344	-70.58928680419922
456.0	720.0	200.6593475341797	-66.29190826416016
480.0	0.0	203.5943603515625	-64.63575744628906
480.0	691.0	200.708251953125	-66.55964660644531
480.0	709.0	206.06675720214844	-67.61278533935547
480.0	717.0	201.35679626464844	-70.5043716430664
480.0	720.0	200.5372314453125	-66.28823852539062
504.0	0.0	203.19493103027344	-64.68843078613281
504.0	691.0	200.67222595214844	-66.57977294921875
504.0	709.0	205.48751831054688	-67.62187194824219
504.0	717.0	201.84669494628906	-70.40232849121094
504.0	720.0	200.49179077148438	-66.31480407714844
528.0	0.0	202.79806518554688	-64.7408218383789
528.0	691.0	200.5108184814453	-66.62786102294922
528.0	709.0	204.83192443847656	-67.70882415771484
528.0	717.0	202.27951049804688	-70.43140411376953
528.0	720.0	200.20872497558594	-66.3797378540039
552.0	0.0	202.4017791748047	-64.79308319091797
552.0	691.0	200.3795623779297	-66.7374267578125
552.0	709.0	204.28494262695312	-67.74922943115234
552.0	717.0	202.7125244140625	-70.3736801147461
552.0	720.0	200.01632690429688	-66.46941375732422
576.0	0.0	202.00238037109375	-64.84517669677734
576.0	691.0	200.19427490234375	-66.70172119140625
576.0	709.0	203.57015991210938	-67.85780334472656
576.0	717.0	202.9132537841797	-70.41374969482422
576.0	720.0	199.83563232421875	-66.44378662109375
600.0	0.0	201.60572814941406	-64.8956298828125
600.0	691.0	199.97930908203125	-66.7963638305664
600.0	709.0	202.9385528564453	-67.94881439208984
600.0	717.0	202.64639282226562	-68.28717041015625
600.0	720.0	200.17843627929688	-66.0959701538086
600.0	721.0	197.41995239257812	-70.87129211425781
624.0	0.0	201.2070770263672	-64.94601440429688
624.0	691.0	199.83840942382812	-66.59429931640625
624.0	709.0	202.35301208496094	-67.96688842773438
624.0	720.0	199.5605010986328	-66.45197296142578
624.0	721.0	197.8255157470703	-69.979248046875
648.0	0.0	200.8125762939453	-64.99544525146484
648.0	691.0	199.53384399414062	-66.76921844482422
648.0	709.0	201.76324462890625	-68.00108337402344
648.0	720.0	199.32052612304688	-66.51876068115234
648.0	723.0	207.5824432373047	-75.76124572753906
648.0	724.0	198.34788513183594	-69.98772430419922
672.0	0.0	200.41390991210938	-65.04126739501953
672.0	691.0	199.2868194580078	-66.73794555664062
672.0	709.0	201.157958984375	-68.09593963623047
672.0	723.0	204.89767456054688	-70.54238891601562
672.0	724.0	198.8759002685547	-70.02195739746094
696.0	0.0	200.01495361328125	-65.08354949951172
696.0	691.0	199.19375610351562	-66.6080093383789
696.0	709.0	200.5554656982422	-68.23432922363281
696.0	723.0	205.55191040039062	-70.39842224121094
696.0	724.0	199.37181091308594	-70.098388671875
696.0	720.0	198.83920288085938	-66.59236145019531
720.0	0.0	199.6169891357422	-65.12538146972656
720.0	691.0	198.93763732910156	-66.68827056884766
720.0	709.0	200.16152954101562	-70.09675598144531
720.0	720.0	198.56295776367188	-66.7610855102539
744.0	0.0	199.22415161132812	-65.16758728027344
744.0	691.0	198.7935791015625	-66.78667449951172
744.0	709.0	199.54827880859375	-72.02674865722656
744.0	720.0	197.9084930419922	-67.30145263671875
744.0	725.0	200.36264038085938	-71.81233978271484
768.0	0.0	198.82562255859375	-65.20634460449219
768.0	691.0	198.54742431640625	-66.74781799316406
768.0	709.0	198.7477569580078	-72.16500091552734
768.0	720.0	197.6077117919922	-67.21124267578125
768.0	725.0	201.03482055664062	-72.0277099609375
792.0	0.0	198.4217529296875	-65.24177551269531
792.0	691.0	197.68434143066406	-72.83154296875
792.0	720.0	197.38246154785156	-67.30537414550781
792.0	725.0	200.16766357421875	-68.67398834228516
792.0	726.0	201.5843963623047	-69.2499008178711
816.0	0.0	198.02561950683594	-65.27664947509766
816.0	691.0	197.4114227294922	-72.55782318115234
816.0	710.0	200.0452880859375	-67.256103515625
816.0	720.0	197.14845275878906	-67.30449676513672
816.0	728.0	210.6031036376953	-95.01493072509766
840.0	0.0	197.63763427734375	-65.31555938720703
840.0	691.0	197.3972625732422	-69.54557037353516
840.0	710.0	199.48753356933594	-67.34324645996094
840.0	720.0	197.15216064453125	-66.7196273803711
864.0	0.0	197.23690795898438	-65.36551666259766
864.0	691.0	196.0598907470703	-75.22773742675781
864.0	710.0	198.98863220214844	-67.40956115722656
864.0	718.0	199.2010040283203	-67.06901550292969
864.0	720.0	196.83949279785156	-66.59441375732422
864.0	730.0	198.76475524902344	-72.272705078125
888.0	0.0	196.8422088623047	-65.42373657226562
888.0	691.0	196.58824157714844	-66.98334503173828
888.0	710.0	198.46487426757812	-67.55827331542969
888.0	718.0	198.66213989257812	-67.26448059082031
888.0	720.0	196.3943328857422	-66.65227508544922
912.0	0.0	196.4524688720703	-65.48412322998047
912.0	691.0	196.15670776367188	-66.82947540283203
912.0	710.0	197.9225616455078	-67.75198364257812
912.0	718.0	198.07322692871094	-67.44731903076172
912.0	720.0	195.9285888671875	-66.66944885253906
936.0	0.0	196.05972290039062	-65.54279327392578
936.0	691.0	195.76304626464844	-66.78472900390625
936.0	718.0	197.53688049316406	-67.64044189453125
936.0	720.0	195.54368591308594	-66.64225769042969
936.0	710.0	197.41488647460938	-67.8178939819336
960.0	0.0	195.66249084472656	-65.59945678710938
960.0	691.0	195.35537719726562	-66.87284851074219
960.0	718.0	197.04693603515625	-67.73560333251953
960.0	720.0	195.09754943847656	-66.80062103271484
984.0	0.0	195.26190185546875	-65.65284729003906
984.0	691.0	194.96173095703125	-66.92741394042969
984.0	718.0	196.56277465820312	-67.83977508544922
984.0	720.0	194.70240783691406	-66.84888458251953
1008.0	0.0	194.86776733398438	-65.70509338378906
1008.0	691.0	194.59278869628906	-66.97343444824219
1008.0	718.0	196.04446411132812	-67.97196960449219
1008.0	720.0	194.346435546875	-66.8163833618164
1008.0	733.0	193.77459716796875	-67.3856430053711
1032.0	0.0	194.47483825683594	-65.76265716552734
1032.0	691.0	194.20526123046875	-67.05950164794922
1032.0	718.0	195.5496063232422	-68.04670715332031
1032.0	720.0	193.9939422607422	-66.87834167480469
1032.0	733.0	193.3464813232422	-67.43269348144531
1056.0	0.0	194.0872344970703	-65.84451293945312
1056.0	691.0	191.1713104248047	-88.15742492675781
1056.0	718.0	195.1282196044922	-68.21757507324219
1056.0	720.0	193.63540649414062	-66.95059204101562
1056.0	733.0	192.93592834472656	-67.49283599853516
1080.0	0.0	193.7000732421875	-65.94799041748047
1080.0	691.0	193.41590881347656	-67.1724853515625
1080.0	720.0	193.1877899169922	-67.00447845458984
1080.0	733.0	187.0567169189453	-73.24634552001953
1104.0	0.0	193.3071746826172	-66.03899383544922
1104.0	691.0	193.0121612548828	-67.12499237060547
1104.0	720.0	192.24615478515625	-67.72825622558594
1104.0	733.0	189.2708740234375	-69.50944519042969
1104.0	738.0	193.90704345703125	-68.47411346435547
1128.0	0.0	192.91558837890625	-66.08932495117188
1128.0	691.0	192.68116760253906	-67.3757095336914
1128.0	720.0	191.79983520507812	-67.85479736328125
1128.0	733.0	188.63465881347656	-69.51142883300781
1128.0	738.0	193.36341857910156	-68.5882568359375
1152.0	0.0	192.51840209960938	-66.13025665283203
1152.0	691.0	192.24916076660156	-67.47225952148438
1152.0	720.0	191.83895874023438	-67.41594696044922
1152.0	733.0	181.90167236328125	-75.04740142822266
1152.0	738.0	193.16461181640625	-69.22969818115234
1176.0	0.0	192.11854553222656	-66.1734848022461
1176.0	691.0	191.77212524414062	-67.70332336425781
1176.0	720.0	191.52615356445312	-67.37792205810547
1176.0	733.0	180.12281799316406	-75.77446746826172
1176.0	738.0	192.4938201904297	-68.98686981201172
1200.0	0.0	191.71865844726562	-66.21715545654297
1200.0	691.0	189.619873046875	-75.0136947631836
1200.0	720.0	191.0736541748047	-67.49138641357422
1200.0	733.0	180.66146850585938	-74.52592468261719
1200.0	738.0	191.99925231933594	-69.48904418945312
1224.0	0.0	191.32069396972656	-66.26165008544922
1224.0	691.0	190.7325897216797	-67.89116668701172
1224.0	720.0	190.59881591796875	-67.57672882080078
1224.0	733.0	180.7701873779297	-73.66236114501953
1224.0	738.0	191.505859375	-69.6130599975586
1248.0	0.0	190.93605041503906	-66.30550384521484
1248.0	691.0	190.2171630859375	-67.99026489257812
1248.0	733.0	178.77940368652344	-74.5338134765625
1248.0	738.0	191.0955047607422	-69.72445678710938
1272.0	0.0	190.53814697265625	-66.35447692871094
1272.0	691.0	189.72406005859375	-68.09114074707031
1272.0	733.0	178.55079650878906	-74.23629760742188
1272.0	738.0	190.5188446044922	-69.88846588134766
1296.0	0.0	190.1394805908203	-66.40642547607422
1296.0	691.0	189.25372314453125	-68.25829315185547
1296.0	733.0	177.22958374023438	-74.45223236083984
1296.0	738.0	189.93746948242188	-69.96624755859375
1320.0	0.0	189.74485778808594	-66.46765899658203
1320.0	691.0	188.7943115234375	-68.46520233154297
1320.0	733.0	177.21482849121094	-74.52727508544922
1320.0	738.0	189.54315185546875	-70.11259460449219
1320.0	747.0	190.3271942138672	-75.2279052734375
1344.0	0.0	189.35830688476562	-66.54686737060547
1344.0	691.0	188.32569885253906	-68.4732666015625
1344.0	733.0	176.4875946044922	-74.02276611328125
1344.0	738.0	189.01150512695312	-70.24419403076172
1344.0	747.0	189.26333618164062	-75.98358917236328
1368.0	0.0	188.970703125	-66.62838745117188
1368.0	691.0	184.72402954101562	-73.65180969238281
1368.0	733.0	181.95401000976562	-70.20956420898438
1368.0	738.0	188.34947204589844	-70.28742218017578
1368.0	747.0	188.1738739013672	-75.34313201904297
1392.0	0.0	188.57315063476562	-66.70816802978516
1392.0	691.0	187.31297302246094	-68.53618621826172
1392.0	733.0	181.3073272705078	-70.34201049804688
1392.0	738.0	187.81887817382812	-70.3666763305664
1392.0	747.0	187.90557861328125	-74.05857849121094
1416.0	0.0	188.1806640625	-66.78448486328125
1416.0	691.0	186.85447692871094	-68.56525421142578
1416.0	733.0	180.5889434814453	-70.60206604003906
1416.0	738.0	187.2559356689453	-70.505615234375
1416.0	747.0	186.85354614257812	-75.96223449707031
1440.0	0.0	187.78884887695312	-66.86193084716797
1440.0	691.0	186.33792114257812	-68.70484161376953
1440.0	733.0	180.00665283203125	-70.70524597167969
1440.0	738.0	186.65701293945312	-70.62350463867188
1440.0	747.0	186.66592407226562	-73.36897277832031
1464.0	0.0	187.39466857910156	-66.93863677978516
1464.0	691.0	185.79177856445312	-68.82624053955078
1464.0	733.0	179.32127380371094	-70.77857971191406
1464.0	738.0	186.09519958496094	-70.74103546142578
1464.0	747.0	185.45249938964844	-76.2481689453125
1464.0	754.0	187.27774047851562	-73.3141098022461
1488.0	0.0	186.9987335205078	-67.01315307617188
1488.0	691.0	185.0279083251953	-69.26988220214844
1488.0	733.0	178.65225219726562	-70.94001770019531
1488.0	738.0	185.58584594726562	-70.8766860961914
1488.0	747.0	184.8646240234375	-76.05964660644531
1488.0	754.0	187.62008666992188	-73.3133544921875
1512.0	0.0	186.60562133789062	-67.08839416503906
1512.0	691.0	184.78990173339844	-69.08039093017578
1512.0	733.0	169.16439819335938	-75.66307067871094
1512.0	738.0	185.13841247558594	-71.01431274414062
1512.0	747.0	184.56065368652344	-74.69770812988281
1512.0	754.0	188.25914001464844	-73.39751434326172
1536.0	0.0	186.2134552001953	-67.16348266601562
1536.0	691.0	184.45700073242188	-69.05703735351562
1536.0	733.0	169.0659942626953	-75.4627456665039
1536.0	738.0	184.45953369140625	-71.08325958251953
1536.0	747.0	180.19699096679688	-86.82749938964844
1536.0	754.0	189.3326873779297	-75.08065032958984
1560.0	0.0	185.81661987304688	-67.23518371582031
1560.0	691.0	184.02114868164062	-69.06719207763672
1560.0	733.0	176.7071533203125	-71.5759048461914
1560.0	738.0	183.9129180908203	-71.12409973144531
1560.0	747.0	178.69947814941406	-88.11983489990234
1560.0	754.0	198.13307189941406	-88.43395233154297
1584.0	0.0	185.42091369628906	-67.30453491210938
1584.0	691.0	183.61465454101562	-69.16041564941406
1584.0	733.0	175.9165496826172	-71.75016784667969
1584.0	738.0	183.4037322998047	-71.1843490600586
1584.0	747.0	182.12965393066406	-75.86688232421875
1584.0	754.0	200.30813598632812	-87.6790542602539
1608.0	0.0	185.03948974609375	-67.37076568603516
1608.0	691.0	183.09988403320312	-69.25885009765625
1608.0	733.0	170.33743286132812	-74.08135986328125
1608.0	738.0	182.84326171875	-71.31954193115234
1608.0	747.0	180.61062622070312	-77.79930877685547
1608.0	754.0	190.97698974609375	-73.71142578125
1632.0	0.0	184.6455078125	-67.43550109863281
1632.0	691.0	182.56678771972656	-69.35906219482422
1632.0	733.0	168.04379272460938	-74.92202758789062
1632.0	738.0	182.3301239013672	-71.40970611572266
1632.0	747.0	181.6836395263672	-73.95025634765625
1632.0	754.0	191.7379150390625	-73.42205047607422
1656.0	0.0	184.2507781982422	-67.49454498291016
1656.0	691.0	182.01454162597656	-69.4031982421875
1656.0	733.0	173.9329833984375	-72.04861450195312
1656.0	738.0	181.70924377441406	-71.47345733642578
1656.0	747.0	180.1122589111328	-76.1922378540039
1656.0	757.0	182.43963623046875	-73.94393920898438
1656.0	758.0	177.30096435546875	-74.95551300048828
1680.0	0.0	183.8533172607422	-67.54985046386719
1680.0	691.0	181.5265655517578	-69.46558380126953
1680.0	733.0	167.81973266601562	-74.78504943847656
1680.0	738.0	181.2484588623047	-71.6761245727539
1680.0	747.0	179.5616455078125	-75.97576141357422
1680.0	758.0	180.75473022460938	-70.94005584716797
1680.0	757.0	182.95315551757812	-74.11437225341797
1704.0	0.0	183.45635986328125	-67.60472869873047
1704.0	691.0	180.99282836914062	-69.4628677368164
1704.0	738.0	180.658447265625	-71.68733978271484
1704.0	747.0	179.1224822998047	-75.49083709716797
1704.0	758.0	180.15602111816406	-71.02323150634766
1704.0	733.0	175.8330535888672	-70.74274444580078
1728.0	0.0	183.05946350097656	-67.66178894042969
1728.0	691.0	180.46807861328125	-69.55902099609375
1728.0	738.0	180.24879455566406	-71.86245727539062
1728.0	747.0	178.95481872558594	-75.666015625
1728.0	758.0	179.65945434570312	-71.17086791992188
1728.0	733.0	180.31398010253906	-68.95316314697266
1752.0	0.0	182.66558837890625	-67.73324584960938
1752.0	691.0	179.68984985351562	-69.91729736328125
1752.0	738.0	179.7872772216797	-72.18077087402344
1752.0	747.0	178.4966583251953	-75.53583526611328
1752.0	758.0	179.20330810546875	-71.33138275146484
1752.0	733.0	180.04519653320312	-69.23696899414062
1776.0	0.0	182.27597045898438	-67.81379699707031
1776.0	691.0	179.56349182128906	-69.61869049072266
1776.0	738.0	179.12892150878906	-72.19593811035156
1776.0	747.0	177.72145080566406	-75.38992309570312
1776.0	758.0	175.2554473876953	-74.04976654052734
1800.0	0.0	181.88401794433594	-67.89258575439453
1800.0	691.0	179.07986450195312	-69.6109848022461
1800.0	738.0	178.4912872314453	-72.22588348388672
1800.0	747.0	177.12640380859375	-75.48357391357422
1800.0	758.0	178.1237030029297	-70.81571960449219
1800.0	767.0	186.39859008789062	-76.48058319091797
1824.0	0.0	181.49244689941406	-67.96483612060547
1824.0	691.0	178.60986328125	-69.64312744140625
1824.0	738.0	177.90634155273438	-72.34100341796875
1824.0	747.0	176.57550048828125	-75.31886291503906
1824.0	758.0	169.95994567871094	-76.41808319091797
1824.0	767.0	187.22055053710938	-76.0936050415039
1848.0	0.0	181.10011291503906	-68.0302963256836
1848.0	691.0	178.07420349121094	-69.71839141845703
1848.0	747.0	179.3625030517578	-70.56795501708984
1848.0	758.0	169.67144775390625	-76.0628890991211
1848.0	767.0	186.68702697753906	-74.24454498291016
1848.0	770.0	179.13336181640625	-70.3828353881836
1872.0	0.0	180.70460510253906	-68.09706115722656
1872.0	691.0	177.54969787597656	-69.80546569824219
1872.0	758.0	177.4127960205078	-70.41898345947266
1872.0	767.0	187.07398986816406	-73.67085266113281
1872.0	770.0	179.55258178710938	-70.32949829101562
1872.0	772.0	176.94830322265625	-72.67180633544922
1896.0	0.0	180.31573486328125	-68.16110229492188
1896.0	691.0	177.03073120117188	-69.87109375
1896.0	758.0	176.91128540039062	-70.47624206542969
1896.0	770.0	178.47254943847656	-75.96549987792969
1896.0	772.0	176.34371948242188	-72.70626068115234
1896.0	773.0	174.0921630859375	-76.65142822265625
1920.0	0.0	179.91598510742188	-68.22686767578125
1920.0	691.0	176.53628540039062	-69.9009017944336
1920.0	758.0	176.43905639648438	-70.58635711669922
1920.0	770.0	181.1475067138672	-78.51951599121094
1920.0	772.0	175.77987670898438	-72.80242919921875
1920.0	773.0	173.3582763671875	-76.94816589355469
1920.0	775.0	178.9151611328125	-73.64330291748047
1944.0	0.0	179.5193634033203	-68.2911376953125
1944.0	691.0	176.0279083251953	-69.99417114257812
1944.0	758.0	176.0033721923828	-70.7564697265625
1944.0	770.0	185.33709716796875	-78.32091522216797
1944.0	772.0	175.26467895507812	-72.95857238769531
1944.0	773.0	171.99644470214844	-77.96115112304688
1944.0	775.0	179.58856201171875	-73.56401824951172
1968.0	0.0	179.12545776367188	-68.36153411865234
1968.0	691.0	175.56246948242188	-70.23725891113281
1968.0	758.0	175.529541015625	-70.93579864501953
1968.0	770.0	186.72740173339844	-74.20323181152344
1968.0	772.0	174.79708862304688	-73.09554290771484
1968.0	773.0	171.5860137939453	-78.21577453613281
1968.0	775.0	180.1148223876953	-73.66458129882812
1992.0	0.0	178.7467498779297	-68.44859313964844
1992.0	691.0	174.86306762695312	-70.63432312011719
1992.0	758.0	173.784423828125	-72.2747802734375
1992.0	772.0	174.38925170898438	-73.40271759033203
1992.0	773.0	171.58633422851562	-78.22653198242188
1992.0	775.0	180.74844360351562	-73.67196655273438
2016.0	0.0	178.3550262451172	-68.55116271972656
2016.0	691.0	174.61448669433594	-70.40583038330078
2016.0	758.0	174.54270935058594	-71.27246856689453
2016.0	773.0	170.86624145507812	-77.43397521972656
2016.0	775.0	182.44073486328125	-76.31414031982422
2016.0	772.0	173.70166015625	-73.26905822753906
2040.0	0.0	177.967529296875	-68.65426635742188
2040.0	691.0	174.1678466796875	-70.54529571533203
2040.0	758.0	173.99899291992188	-71.46282196044922
2040.0	773.0	170.42184448242188	-77.29742431640625
2040.0	775.0	185.21832275390625	-78.1888656616211
2040.0	772.0	173.06752014160156	-73.25855255126953
2064.0	0.0	177.5817413330078	-68.75849151611328
2064.0	691.0	173.72500610351562	-70.58251953125
2064.0	758.0	172.13804626464844	-72.56706237792969
2064.0	773.0	170.08714294433594	-77.13667297363281
2064.0	775.0	182.7928009033203	-73.79810333251953
2064.0	772.0	172.5683135986328	-73.4261703491211
2088.0	0.0	177.1964111328125	-68.8582763671875
2088.0	691.0	173.3658905029297	-70.65145874023438
2088.0	758.0	171.6037139892578	-72.652587890625
2088.0	773.0	169.60324096679688	-76.8524398803711
2088.0	775.0	183.5814666748047	-73.88236999511719
2112.0	0.0	176.81224060058594	-68.95257568359375
2112.0	691.0	172.8436279296875	-70.8307876586914
2112.0	758.0	172.58531188964844	-71.68323516845703
2112.0	773.0	169.2367706298828	-76.609619140625
2112.0	786.0	171.3919219970703	-73.51726531982422
2136.0	0.0	176.42568969726562	-69.04658508300781
2136.0	691.0	172.43557739257812	-70.97261810302734
2136.0	758.0	172.13198852539062	-71.76528930664062
2136.0	773.0	169.17703247070312	-76.46218872070312
2160.0	0.0	176.03076171875	-69.1405258178711
2160.0	691.0	171.9203338623047	-71.0360336303711
2160.0	758.0	171.64955139160156	-71.81189727783203
2160.0	773.0	168.7113037109375	-76.17518615722656
2160.0	788.0	170.45188903808594	-73.65967559814453
2184.0	0.0	175.63931274414062	-69.23207092285156
2184.0	691.0	171.41525268554688	-71.29998779296875
2184.0	758.0	169.50161743164062	-73.03057098388672
2184.0	773.0	168.36326599121094	-76.0707778930664
2208.0	0.0	175.24911499023438	-69.3213882446289
2208.0	691.0	170.91407775878906	-71.3404541015625
2208.0	758.0	170.6671905517578	-72.12110137939453
2208.0	773.0	167.9098663330078	-76.11731719970703
2208.0	790.0	169.47247314453125	-73.9007339477539
2232.0	0.0	174.85707092285156	-69.40830993652344
2232.0	691.0	170.4071502685547	-71.38778686523438
2232.0	758.0	170.15623474121094	-72.22051239013672
2232.0	773.0	169.07220458984375	-74.46141052246094
2232.0	790.0	168.86285400390625	-73.8883056640625
2256.0	0.0	174.46458435058594	-69.48948669433594
2256.0	691.0	169.850830078125	-71.44295501708984
2256.0	758.0	169.6236114501953	-72.28822326660156
2256.0	773.0	168.5406036376953	-74.481689453125
2256.0	790.0	168.33154296875	-73.96678161621094
2280.0	0.0	174.07476806640625	-69.563232421875
2280.0	691.0	169.3537139892578	-71.5053939819336
2280.0	758.0	169.1260986328125	-72.30696868896484
2280.0	773.0	168.00662231445312	-74.6122055053711
2304.0	0.0	173.69754028320312	-69.63262176513672
2304.0	691.0	168.8494110107422	-71.78950500488281
2304.0	758.0	166.9003448486328	-73.4971694946289
2304.0	773.0	166.77359008789062	-75.4793701171875
2328.0	0.0	173.28939819335938	-69.70450592041016
2328.0	691.0	168.30587768554688	-71.9036865234375
2328.0	758.0	168.16104125976562	-72.55464935302734
2328.0	773.0	166.51272583007812	-75.25431823730469
2328.0	793.0	166.71688842773438	-74.18162536621094
2352.0	0.0	172.89981079101562	-69.77112579345703
2352.0	691.0	167.76400756835938	-72.00123596191406
2352.0	758.0	167.66477966308594	-72.70792388916016
2352.0	773.0	166.32872009277344	-75.06414031982422
2352.0	793.0	166.19381713867188	-74.33177947998047
2376.0	0.0	172.50753784179688	-69.83531951904297
2376.0	691.0	167.19935607910156	-72.0899658203125
2376.0	758.0	167.11378479003906	-72.8403549194336
2376.0	773.0	165.87452697753906	-74.9311294555664
2400.0	0.0	172.13417053222656	-69.86419677734375
2400.0	691.0	166.50799560546875	-71.6197280883789
2400.0	758.0	166.7281951904297	-72.2552490234375
2400.0	773.0	165.02882385253906	-74.12348175048828
2424.0	0.0	171.75645446777344	-69.8457260131836
2424.0	691.0	166.08335876464844	-72.17867279052734
2424.0	758.0	165.99884033203125	-72.93898010253906
2424.0	773.0	164.60910034179688	-74.62812042236328
2448.0	0.0	171.361572265625	-69.82027435302734
2448.0	691.0	165.71798706054688	-72.86205291748047
2448.0	758.0	164.04299926757812	-74.639404296875
2448.0	773.0	164.0569610595703	-75.58123016357422
2472.0	0.0	171.00430297851562	-69.8230972290039
2472.0	691.0	163.75192260742188	-75.15080261230469
2472.0	758.0	164.14126586914062	-75.76647186279297
2472.0	773.0	165.15252685546875	-75.83219146728516
2472.0	801.0	165.25489807128906	-72.99978637695312
2472.0	802.0	164.99063110351562	-72.44683074951172
2496.0	0.0	170.62704467773438	-69.86571502685547
2496.0	801.0	164.50042724609375	-72.69792175292969
2496.0	802.0	164.3954620361328	-72.06502532958984
2496.0	807.0	162.8203582763672	-74.83403778076172
2496.0	691.0	157.1205596923828	-80.8116226196289
2520.0	0.0	170.22747802734375	-69.91049194335938
2520.0	802.0	164.77113342285156	-71.71359252929688
2520.0	807.0	163.8548583984375	-73.69359588623047
2520.0	691.0	144.79612731933594	-89.29693603515625
2520.0	806.0	173.0404052734375	-72.68952178955078
2544.0	0.0	169.82798767089844	-69.9652328491211
2544.0	802.0	165.3402557373047	-71.93863677978516
2544.0	807.0	162.09225463867188	-75.36392974853516
2544.0	691.0	143.75421142578125	-92.14249420166016
2544.0	810.0	165.3909149169922	-72.5684814453125
2568.0	0.0	169.43251037597656	-70.03054809570312
2568.0	802.0	165.746826171875	-71.77064514160156
2568.0	691.0	144.71095275878906	-89.31564331054688
2568.0	810.0	165.9056854248047	-72.24201202392578
2568.0	812.0	172.0526580810547	-72.85008239746094
2592.0	0.0	169.0410919189453	-70.10657501220703
2592.0	802.0	166.22618103027344	-71.67948150634766
2592.0	781.0	171.51405334472656	-72.06245422363281
2592.0	810.0	166.3762664794922	-72.19941711425781
2592.0	812.0	171.5984344482422	-73.02821350097656
2616.0	0.0	168.64169311523438	-70.1842041015625
2616.0	802.0	166.5885467529297	-71.5384521484375
2616.0	781.0	170.99134826660156	-72.24754333496094
2616.0	810.0	166.73367309570312	-71.93765258789062
2616.0	812.0	171.0402069091797	-73.24443817138672
2640.0	0.0	168.24729919433594	-70.25834655761719
2640.0	802.0	166.99346923828125	-71.39226531982422
2640.0	781.0	170.564453125	-72.3000717163086
2640.0	810.0	167.29591369628906	-71.56307983398438
2640.0	812.0	170.52914428710938	-73.4185791015625
2640.0	815.0	161.1280975341797	-73.33027648925781
2664.0	0.0	167.856201171875	-70.33219146728516
2664.0	802.0	167.24195861816406	-71.29150390625
2664.0	781.0	170.07713317871094	-72.32722473144531
2664.0	810.0	167.51438903808594	-71.49638366699219
2664.0	812.0	170.0012664794922	-73.50067901611328
2664.0	817.0	143.04591369628906	-87.21759033203125
2688.0	0.0	167.46018981933594	-70.4074478149414
2688.0	802.0	166.85208129882812	-76.53396606445312
2688.0	781.0	169.5314483642578	-72.49266052246094
2688.0	810.0	167.6205291748047	-71.28890991210938
2688.0	812.0	169.6922607421875	-73.3697509765625
2688.0	817.0	142.95909118652344	-86.94806671142578
2688.0	819.0	160.1017303466797	-72.98673248291016
2688.0	820.0	158.23025512695312	-74.3728256225586
2712.0	0.0	167.07757568359375	-70.49110412597656
2712.0	802.0	169.05868530273438	-74.09620666503906
2712.0	781.0	168.0135040283203	-71.3609619140625
2712.0	817.0	143.138671875	-87.59257507324219
2712.0	819.0	159.65843200683594	-73.09025573730469
2712.0	820.0	157.73953247070312	-74.6377944946289
2736.0	0.0	166.6906280517578	-70.60029602050781
2736.0	802.0	168.43063354492188	-71.70541381835938
2736.0	819.0	159.08847045898438	-73.00152587890625
2736.0	820.0	157.14569091796875	-74.54550170898438
2736.0	821.0	168.57968139648438	-73.49423217773438
2760.0	0.0	166.31517028808594	-70.73719787597656
2760.0	819.0	158.6399688720703	-72.57656860351562
2760.0	822.0	168.10830688476562	-72.7100830078125
2760.0	817.0	142.8960723876953	-86.50769805908203
2760.0	824.0	167.97076416015625	-73.55464172363281
2760.0	820.0	149.65554809570312	-76.44019317626953
2784.0	0.0	165.94126892089844	-70.88277435302734
2784.0	819.0	158.1056365966797	-71.91128540039062
2784.0	822.0	167.48008728027344	-72.84992218017578
2784.0	824.0	167.37875366210938	-73.67986297607422
2784.0	820.0	141.36978149414062	-76.45477294921875
2784.0	828.0	159.0736541748047	-70.65116119384766
2808.0	0.0	165.5694122314453	-71.02652740478516
2808.0	819.0	157.68820190429688	-71.53597259521484
2808.0	822.0	166.97100830078125	-72.9204330444336
2808.0	820.0	140.8668975830078	-75.14794921875
2832.0	0.0	165.2020721435547	-71.17103576660156
2832.0	822.0	166.4976043701172	-72.97732543945312
2856.0	0.0	164.87899780273438	-71.27184295654297
2856.0	822.0	165.83248901367188	-73.09742736816406
2856.0	820.0	157.09751892089844	-70.43092346191406
2856.0	833.0	165.6819610595703	-73.87104034423828
2880.0	0.0	164.52044677734375	-71.32891082763672
2880.0	822.0	165.3666229248047	-73.13818359375
2880.0	833.0	165.27186584472656	-73.83521270751953
2904.0	0.0	164.12564086914062	-71.38314819335938
2904.0	822.0	165.05592346191406	-73.14065551757812
2904.0	833.0	164.80322265625	-73.42610168457031
2928.0	0.0	163.72544860839844	-71.4419174194336
2928.0	822.0	164.59909057617188	-73.16773986816406
2928.0	833.0	164.3094482421875	-73.44819641113281
2952.0	0.0	163.32994079589844	-71.50060272216797
2952.0	822.0	164.09359741210938	-73.2237319946289
2952.0	833.0	163.85581970214844	-73.98799133300781
2976.0	0.0	162.94064331054688	-71.55602264404297
2976.0	822.0	163.5489044189453	-72.89988708496094
2976.0	833.0	163.37510681152344	-74.04529571533203
2976.0	841.0	155.4210205078125	-78.26573181152344
3000.0	0.0	162.5426025390625	-71.6104965209961
3000.0	822.0	163.00437927246094	-72.90103912353516
3024.0	0.0	162.14157104492188	-71.66602325439453
3024.0	822.0	162.65792846679688	-73.33723449707031
3024.0	845.0	143.90313720703125	-92.62474060058594
3024.0	844.0	162.3562774658203	-73.44730377197266
3048.0	0.0	161.75437927246094	-71.72100830078125
3048.0	822.0	162.19236755371094	-73.52173614501953
3048.0	845.0	156.8363037109375	-78.1185073852539
3048.0	847.0	156.2759552001953	-76.64311981201172
3048.0	848.0	156.58155822753906	-77.35306549072266
3072.0	0.0	161.3490753173828	-71.777587890625
3072.0	822.0	161.6173553466797	-73.71569061279297
3072.0	848.0	156.99810791015625	-77.15576171875
3072.0	849.0	153.0575408935547	-77.40570068359375
3072.0	845.0	157.40786743164062	-77.89035034179688
3096.0	0.0	160.9581298828125	-71.83216857910156
3096.0	822.0	161.01785278320312	-73.75567626953125
3096.0	848.0	157.45611572265625	-77.14383697509766
3096.0	853.0	153.6508026123047	-77.39226531982422
3120.0	0.0	160.6465606689453	-71.8755111694336
3120.0	822.0	159.73121643066406	-89.65977478027344
3120.0	853.0	154.1892547607422	-77.24578857421875
3120.0	845.0	158.36978149414062	-77.5436782836914
3120.0	848.0	158.11770629882812	-76.52430725097656
3120.0	854.0	157.82211303710938	-76.21652221679688
3144.0	0.0	160.52880859375	-71.89147186279297
3144.0	822.0	158.84762573242188	-83.71663665771484
3144.0	853.0	154.9020538330078	-77.17494201660156
3144.0	848.0	159.7714080810547	-73.87364959716797
3144.0	854.0	159.60879516601562	-73.78297424316406
3168.0	0.0	160.50543212890625	-71.89461517333984
3168.0	822.0	159.1127471923828	-76.30945587158203
3168.0	827.0	161.8561553955078	-73.3582992553711
3168.0	853.0	155.48233032226562	-77.1695785522461
3192.0	0.0	160.5054473876953	-71.89461517333984
3192.0	822.0	158.4993896484375	-75.3683853149414
3192.0	827.0	165.5226287841797	-80.87970733642578
3192.0	832.0	161.43153381347656	-72.74935913085938
3192.0	856.0	160.024169921875	-77.45096588134766
3192.0	857.0	145.36082458496094	-108.81474304199219
3216.0	0.0	160.50538635253906	-71.89462280273438
3216.0	822.0	157.88925170898438	-75.10112762451172
3216.0	827.0	160.8015899658203	-72.96453094482422
3216.0	832.0	164.54876708984375	-78.30451965332031
3216.0	857.0	145.70001220703125	-100.9400634765625
3216.0	859.0	159.95823669433594	-76.07230377197266
3240.0	0.0	160.50491333007812	-71.89468383789062
3240.0	822.0	157.2256317138672	-75.07623291015625
3240.0	827.0	160.553466796875	-77.37358856201172
3240.0	832.0	162.4222869873047	-80.16605377197266
3240.0	857.0	144.84629821777344	-97.61004638671875
3240.0	860.0	158.08154296875	-66.31680297851562
3240.0	861.0	156.8403778076172	-66.36603546142578
3240.0	862.0	157.59193420410156	-75.88076782226562
3264.0	0.0	160.4390411376953	-71.90594482421875
3264.0	822.0	156.8077392578125	-75.35041809082031
3264.0	832.0	158.41424560546875	-83.22480773925781
3264.0	857.0	159.85987854003906	-73.01900482177734
3264.0	860.0	157.88604736328125	-66.94180297851562
3264.0	861.0	156.712158203125	-66.98189544677734
3288.0	0.0	160.23870849609375	-71.95574951171875
3288.0	822.0	156.22019958496094	-75.38533782958984
3288.0	832.0	146.9236602783203	-106.65799713134766
3288.0	858.0	161.72647094726562	-73.25946807861328
3288.0	860.0	157.58306884765625	-67.23381042480469
3288.0	863.0	161.45738220214844	-76.01432800292969
3288.0	862.0	159.2832794189453	-73.113525390625
3288.0	865.0	141.356201171875	-80.3385009765625
3288.0	861.0	159.32760620117188	-70.82830810546875
3312.0	0.0	160.19598388671875	-71.96814727783203
3312.0	822.0	155.93455505371094	-75.03612518310547
3312.0	832.0	144.61509704589844	-96.06656646728516
3312.0	858.0	161.1510772705078	-73.1179428100586
3312.0	860.0	158.21498107910156	-67.8372802734375
3312.0	863.0	161.66233825683594	-76.04813385009766
3312.0	862.0	158.8254852294922	-73.29854583740234
3312.0	867.0	158.690185546875	-76.29554748535156
3336.0	0.0	160.18804931640625	-71.97048950195312
3336.0	822.0	158.1885528564453	-73.32779693603516
3336.0	832.0	158.41448974609375	-73.86129760742188
3336.0	858.0	160.84356689453125	-73.11599731445312
3336.0	860.0	158.27076721191406	-68.28303527832031
3336.0	867.0	159.1693115234375	-76.1226806640625
3360.0	0.0	160.18801879882812	-71.97050476074219
3360.0	822.0	157.79037475585938	-73.50018310546875
3360.0	832.0	157.95895385742188	-73.94207000732422
3360.0	858.0	161.83412170410156	-80.30998992919922
3360.0	860.0	158.36215209960938	-68.73882293701172
3360.0	867.0	160.06398010253906	-72.95050811767578
3360.0	870.0	157.19564819335938	-68.5751724243164
3384.0	0.0	160.19058227539062	-71.96974182128906
3384.0	832.0	157.48471069335938	-74.08566284179688
3384.0	858.0	159.9089813232422	-73.1844253540039
3384.0	860.0	158.4750518798828	-69.24195098876953
3384.0	870.0	157.548828125	-69.25241088867188
3384.0	871.0	163.29580688476562	-75.97301483154297
3384.0	874.0	165.64230346679688	-80.82463836669922
3408.0	0.0	160.29931640625	-71.93820190429688
3408.0	832.0	158.96054077148438	-72.93388366699219
3408.0	858.0	144.21368408203125	-96.80372619628906
3408.0	870.0	157.87123107910156	-69.7632064819336
3408.0	871.0	163.90394592285156	-75.99089050292969
3408.0	874.0	164.0155029296875	-76.87855529785156
3408.0	876.0	160.87066650390625	-75.97142791748047
3408.0	860.0	158.67066955566406	-69.64630889892578
3432.0	0.0	160.60763549804688	-71.85198974609375
3432.0	858.0	143.17727661132812	-88.07794189453125
3432.0	870.0	158.1963348388672	-70.17711639404297
3432.0	871.0	164.59425354003906	-75.67867279052734
3432.0	874.0	164.675048828125	-76.5804214477539
3432.0	876.0	161.60867309570312	-75.95868682861328
3432.0	860.0	158.8489532470703	-69.86111450195312
3432.0	877.0	158.5704803466797	-70.18403625488281
3432.0	879.0	158.28073120117188	-67.76126861572266
3456.0	0.0	160.73843383789062	-71.81231689453125
3456.0	858.0	155.92283630371094	-74.39960479736328
3456.0	871.0	165.06692504882812	-75.74958801269531
3456.0	874.0	165.08767700195312	-76.59906768798828
3456.0	876.0	162.0216064453125	-76.0391845703125
3456.0	877.0	158.5103302001953	-70.56385040283203
3456.0	860.0	158.9712677001953	-70.35653686523438
3480.0	0.0	160.74942016601562	-71.80889892578125
3480.0	874.0	163.8671112060547	-74.93515014648438
3480.0	869.0	163.5658721923828	-73.94109344482422
3480.0	877.0	158.48052978515625	-70.8907470703125
3480.0	876.0	162.3848114013672	-76.0926513671875
3480.0	880.0	155.66578674316406	-75.0316390991211
3480.0	860.0	158.95555114746094	-70.64262390136719
3480.0	858.0	153.88839721679688	-73.9146728515625
3504.0	0.0	160.74942016601562	-71.80889892578125
3504.0	869.0	162.9768829345703	-73.91616821289062
3504.0	875.0	163.21217346191406	-73.5663833618164
3504.0	877.0	158.6750030517578	-71.22264862060547
3504.0	876.0	162.94264221191406	-76.15625762939453
3504.0	880.0	151.67044067382812	-77.5020980834961
3504.0	860.0	158.9202117919922	-70.84600830078125
3504.0	858.0	152.80874633789062	-73.02184295654297
3504.0	881.0	154.92303466796875	-74.54067993164062
3528.0	0.0	160.74949645996094	-71.80888366699219
3528.0	869.0	162.4338836669922	-73.84638977050781
3528.0	875.0	162.72337341308594	-73.6210708618164
3528.0	877.0	158.78048706054688	-71.48358917236328
3528.0	876.0	162.66127014160156	-74.82083892822266
3528.0	860.0	159.0640869140625	-71.0418930053711
3528.0	881.0	155.103759765625	-74.5025405883789
3528.0	883.0	154.8330841064453	-73.85249328613281
3552.0	0.0	160.74957275390625	-71.8088607788086
3552.0	875.0	162.15847778320312	-73.72657775878906
3552.0	877.0	158.91000366210938	-71.78518676757812
3552.0	860.0	158.94642639160156	-71.2045669555664
3552.0	881.0	155.5397491455078	-74.47845458984375
3552.0	883.0	155.29388427734375	-73.87867736816406
3552.0	886.0	157.74635314941406	-70.15709686279297
3552.0	887.0	166.44088745117188	-75.91912078857422
3576.0	0.0	160.7496337890625	-71.808837890625
3576.0	875.0	165.5384521484375	-82.00273132324219
3576.0	877.0	159.1026611328125	-72.18667602539062
3576.0	860.0	158.87698364257812	-71.37736511230469
3576.0	881.0	156.03973388671875	-74.40742492675781
3576.0	886.0	157.855712890625	-70.4583511352539
3576.0	887.0	167.7664794921875	-76.49664306640625
3576.0	891.0	155.75628662109375	-73.82009887695312
3576.0	892.0	164.62774658203125	-76.0908203125
3600.0	0.0	160.74948120117188	-71.80888366699219
3600.0	875.0	162.6759796142578	-80.16680908203125
3600.0	877.0	159.39736938476562	-72.38504028320312
3600.0	860.0	158.94906616210938	-71.558837890625
3600.0	881.0	159.47706604003906	-72.59166717529297
3600.0	886.0	157.86802673339844	-70.69429779052734
3600.0	887.0	168.32765197753906	-76.46956634521484
3600.0	892.0	165.32867431640625	-75.8737564086914
3600.0	894.0	158.70729064941406	-70.58740234375
3624.0	0.0	160.74948120117188	-71.80888366699219
3624.0	875.0	161.88587951660156	-89.51720428466797
3624.0	877.0	159.7742919921875	-72.5817642211914
3624.0	860.0	158.85784912109375	-71.89151000976562
3624.0	886.0	158.5473175048828	-71.09593200683594
3624.0	892.0	165.94720458984375	-75.74345397949219
3624.0	894.0	158.85630798339844	-70.8869857788086
3624.0	896.0	158.04183959960938	-71.46321868896484
3624.0	897.0	156.4500732421875	-73.80341339111328
3648.0	0.0	160.7495574951172	-71.8088607788086
3648.0	875.0	159.7376251220703	-82.69025421142578
3648.0	877.0	160.18162536621094	-72.65596008300781
3648.0	860.0	158.89730834960938	-72.12740325927734
3648.0	892.0	166.52981567382812	-75.54930877685547
3648.0	894.0	158.95687866210938	-71.18718719482422
3648.0	896.0	158.63589477539062	-71.71720123291016
3648.0	897.0	156.95115661621094	-73.8331069946289
3648.0	899.0	157.5356903076172	-74.28545379638672
3672.0	0.0	160.74948120117188	-71.80888366699219
3672.0	877.0	160.59571838378906	-72.68535614013672
3672.0	860.0	158.9928436279297	-72.37531280517578
3672.0	894.0	159.1635284423828	-71.48406982421875
3672.0	896.0	158.135986328125	-71.83099365234375
3672.0	897.0	157.58790588378906	-73.72600555419922
3672.0	899.0	158.07421875	-74.26750946044922
3672.0	900.0	155.82716369628906	-72.47529602050781
3696.0	0.0	160.74940490722656	-71.80891418457031
3696.0	877.0	162.5366973876953	-80.14520263671875
3696.0	860.0	159.0264434814453	-72.77081298828125
3696.0	894.0	159.554931640625	-71.64009094238281
3696.0	896.0	159.51341247558594	-71.93744659423828
3696.0	897.0	158.96820068359375	-73.11991882324219
3696.0	899.0	158.52792358398438	-74.16399383544922
3696.0	901.0	155.343505859375	-85.6740493774414
3720.0	0.0	160.74940490722656	-71.80890655517578
3720.0	877.0	161.29669189453125	-72.7211685180664
3720.0	860.0	159.13966369628906	-72.91534423828125
3720.0	894.0	159.61009216308594	-71.96405792236328
3720.0	897.0	159.17738342285156	-73.23379516601562
3720.0	899.0	158.98585510253906	-74.19559478759766
3720.0	901.0	145.86476135253906	-102.08446502685547
3720.0	903.0	159.65792846679688	-72.22023010253906
3744.0	0.0	160.74940490722656	-71.80890655517578
3744.0	877.0	161.5795135498047	-72.5792007446289
3744.0	860.0	159.2731170654297	-73.13116455078125
3744.0	894.0	159.77503967285156	-72.18888092041016
3744.0	899.0	159.43515014648438	-74.3124771118164
3744.0	904.0	158.6519775390625	-71.8411865234375
3768.0	0.0	160.74940490722656	-71.80890655517578
3768.0	860.0	160.1551971435547	-72.5413818359375
3768.0	894.0	160.08908081054688	-72.30824279785156
3768.0	899.0	159.98199462890625	-74.38043212890625
3768.0	904.0	158.61386108398438	-71.99532318115234
3768.0	905.0	157.9647216796875	-72.33588409423828
3768.0	906.0	154.30323791503906	-70.91104888916016
3768.0	907.0	157.3795166015625	-72.96407318115234
3792.0	0.0	160.74940490722656	-71.80891418457031
3792.0	894.0	160.3464813232422	-72.47196197509766
3792.0	899.0	160.40895080566406	-74.43048858642578
3792.0	904.0	158.63357543945312	-72.16545867919922
3792.0	906.0	154.13580322265625	-69.75947570800781
3792.0	907.0	157.61785888671875	-73.62295532226562
3816.0	0.0	160.74945068359375	-71.80889129638672
3816.0	894.0	160.6844940185547	-72.49568939208984
3816.0	904.0	158.66319274902344	-72.30172729492188
3816.0	906.0	153.95306396484375	-68.57799530029297
3816.0	907.0	159.1157989501953	-73.3642807006836
3816.0	909.0	159.33700561523438	-73.72898864746094
3816.0	910.0	156.45138549804688	-73.734130859375
3840.0	0.0	160.74945068359375	-71.80889129638672
3840.0	894.0	160.9810028076172	-72.64737701416016
3840.0	904.0	158.5969696044922	-72.59532165527344
3840.0	909.0	159.191650390625	-74.00631713867188
3840.0	911.0	160.1525421142578	-74.45601654052734
3840.0	912.0	158.39166259765625	-72.3250732421875
3864.0	0.0	160.74951171875	-71.80887603759766
3864.0	894.0	164.81497192382812	-77.7067642211914
3864.0	904.0	158.54632568359375	-72.90231323242188
3864.0	909.0	159.15370178222656	-73.89131164550781
3864.0	911.0	160.63914489746094	-74.36809539794922
3864.0	912.0	157.75721740722656	-72.53656768798828
3864.0	913.0	161.70118713378906	-74.59856414794922
3864.0	914.0	159.42823791503906	-75.69580078125
3888.0	0.0	160.74952697753906	-71.80886840820312
3888.0	894.0	166.26219177246094	-76.31624603271484
3888.0	904.0	158.4798583984375	-73.12247467041016
3888.0	909.0	159.2329864501953	-73.79586791992188
3888.0	911.0	161.07333374023438	-74.3075942993164
3888.0	912.0	157.7187957763672	-72.64334869384766
3888.0	913.0	162.13958740234375	-74.72169494628906
3888.0	915.0	158.97122192382812	-73.33845520019531
3888.0	914.0	160.49378967285156	-76.31492614746094
3912.0	0.0	160.7495574951172	-71.8088607788086
3912.0	904.0	158.1855926513672	-73.2910385131836
3912.0	909.0	159.30853271484375	-73.58043670654297
3912.0	911.0	161.45750427246094	-74.23114013671875
3912.0	912.0	157.89035034179688	-72.74815368652344
3912.0	913.0	162.53805541992188	-74.82839965820312
3912.0	915.0	159.08555603027344	-73.11126708984375
3936.0	0.0	160.74957275390625	-71.8088607788086
3936.0	904.0	157.93601989746094	-73.41455078125
3936.0	909.0	159.30130004882812	-73.41901397705078
3936.0	911.0	161.9084014892578	-74.2912826538086
3936.0	912.0	157.56651306152344	-72.96192932128906
3936.0	913.0	162.94927978515625	-74.89201354980469
3960.0	0.0	160.74964904785156	-71.80883026123047
3960.0	904.0	158.80419921875	-72.96613311767578
3960.0	909.0	159.17501831054688	-73.49030303955078
3960.0	911.0	162.30104064941406	-74.35497283935547
3960.0	912.0	157.2887725830078	-73.13827514648438
3960.0	913.0	162.542236328125	-74.03164672851562
3984.0	0.0	160.74964904785156	-71.80883026123047
3984.0	904.0	158.7740936279297	-73.00763702392578
3984.0	909.0	159.12611389160156	-73.49903106689453
3984.0	911.0	162.41802978515625	-74.1925277709961
3984.0	912.0	157.1824493408203	-73.16816711425781
3984.0	913.0	162.6641082763672	-73.95980834960938
3984.0	916.0	161.07427978515625	-70.53543090820312
4008.0	0.0	160.7496337890625	-71.808837890625
4008.0	904.0	158.73497009277344	-73.03340911865234
4008.0	909.0	159.07505798339844	-73.5275650024414
4008.0	911.0	162.529296875	-74.15347290039062
4008.0	912.0	157.158935546875	-73.17922973632812
4008.0	916.0	161.07327270507812	-70.5351791381836
4032.0	0.0	160.749755859375	-71.80879974365234
4032.0	904.0	158.21200561523438	-73.30110931396484
4032.0	909.0	158.50694274902344	-73.9745101928711
4032.0	911.0	165.21319580078125	-76.62342071533203
4032.0	912.0	157.0220947265625	-73.15389251708984
4032.0	916.0	161.0835418701172	-70.40275573730469
4032.0	917.0	159.46768188476562	-73.95695495605469
4056.0	0.0	160.74972534179688	-71.80880737304688
4056.0	904.0	157.8531951904297	-73.56906127929688
4056.0	909.0	157.9733428955078	-74.24760437011719
4056.0	911.0	164.2943878173828	-74.73324584960938
4056.0	912.0	156.8090362548828	-73.12942504882812
4056.0	916.0	161.0977020263672	-69.7059555053711
4056.0	917.0	156.6468963623047	-83.30048370361328
4080.0	0.0	160.74966430664062	-71.80883026123047
4080.0	904.0	157.2245330810547	-74.04645538330078
4080.0	909.0	142.73255920410156	-85.5799789428711
4080.0	912.0	156.16722106933594	-73.25511932373047
4080.0	916.0	160.88450622558594	-69.94696807861328
4080.0	917.0	161.43734741210938	-87.69953155517578
4104.0	0.0	160.74966430664062	-71.80883026123047
4104.0	909.0	156.7904510498047	-74.57056427001953
4104.0	912.0	155.76522827148438	-73.60205841064453
4104.0	916.0	160.7611083984375	-69.9194564819336
4104.0	917.0	161.77735900878906	-73.89954376220703
4128.0	0.0	160.7497100830078	-71.8088150024414
4128.0	909.0	156.3827667236328	-74.78590393066406
4128.0	912.0	155.33465576171875	-73.84468078613281
4128.0	916.0	160.7797088623047	-69.94161224365234
4128.0	917.0	162.35281372070312	-73.85018920898438
4152.0	0.0	160.74972534179688	-71.80880737304688
4152.0	909.0	147.74874877929688	-80.33174133300781
4152.0	912.0	155.39761352539062	-73.93529510498047
4152.0	916.0	160.86741638183594	-69.99510192871094
4152.0	917.0	162.88458251953125	-73.61682891845703
4176.0	0.0	160.74969482421875	-71.80882263183594
4176.0	909.0	155.36605834960938	-75.0751953125
4176.0	912.0	155.0498504638672	-74.19471740722656
4176.0	916.0	160.866455078125	-70.02308654785156
4176.0	917.0	163.44931030273438	-73.4695053100586
4200.0	0.0	160.7497100830078	-71.8088150024414
4200.0	909.0	154.80169677734375	-75.22846221923828
4200.0	912.0	154.60223388671875	-74.37863159179688
4200.0	916.0	160.87503051757812	-70.04368591308594
4224.0	0.0	160.74981689453125	-71.80878448486328
4224.0	909.0	154.30386352539062	-75.28788757324219
4224.0	912.0	154.058349609375	-74.64299011230469
4224.0	916.0	160.878662109375	-70.0499267578125
4248.0	0.0	160.74990844726562	-71.80875396728516
4248.0	909.0	153.7591094970703	-75.54542541503906
4248.0	912.0	153.53558349609375	-74.82844543457031
4248.0	916.0	160.89622497558594	-70.0512466430664
4272.0	0.0	160.7498321533203	-71.80877685546875
4272.0	909.0	153.32969665527344	-75.68315124511719
4272.0	912.0	153.16407775878906	-74.91410827636719
4272.0	916.0	160.92481994628906	-70.08802795410156
4296.0	0.0	160.74981689453125	-71.80878448486328
4296.0	909.0	152.88356018066406	-75.808349609375
4296.0	912.0	152.71368408203125	-75.14900970458984
4296.0	916.0	160.9172821044922	-70.25685119628906
4320.0	0.0	160.7200927734375	-71.81803131103516
4320.0	909.0	151.5093231201172	-76.42292022705078
4320.0	916.0	160.86244201660156	-70.39681243896484
4344.0	0.0	160.7200927734375	-71.81803131103516
4344.0	916.0	160.86090087890625	-70.37110900878906
