120.0	0.0	-564.3218383789062	283.109375
144.0	0.0	-564.3218383789062	283.1093444824219
168.0	0.0	-564.3218383789062	283.109375
192.0	0.0	-564.3218383789062	283.1094055175781
216.0	0.0	-564.3218383789062	283.109375
240.0	0.0	-564.32177734375	283.1094970703125
264.0	0.0	-564.32177734375	283.1094665527344
288.0	0.0	-564.3218383789062	283.1094055175781
312.0	0.0	-564.3218383789062	283.10943603515625
312.0	920.0	-567.2772827148438	288.8324890136719
336.0	0.0	-564.3218383789062	283.109375
360.0	0.0	-564.3218383789062	283.109375
360.0	922.0	-558.6873779296875	283.1304626464844
384.0	0.0	-564.3218994140625	283.1092529296875
384.0	922.0	-559.1499633789062	283.1654052734375
408.0	0.0	-564.3218994140625	283.1092834472656
408.0	922.0	-559.8494262695312	283.1973876953125
432.0	0.0	-564.3218383789062	283.10931396484375
432.0	922.0	-560.3547973632812	283.2452697753906
432.0	928.0	-565.1507568359375	277.20611572265625
456.0	0.0	-564.3218383789062	283.1093444824219
456.0	922.0	-560.6707763671875	283.4227294921875
480.0	0.0	-564.3218994140625	283.1092834472656
480.0	922.0	-561.16748046875	283.56781005859375
504.0	0.0	-564.3219604492188	283.10906982421875
504.0	922.0	-561.5350341796875	283.88006591796875
504.0	929.0	-564.9949951171875	278.3209228515625
528.0	0.0	-564.322021484375	283.1090087890625
528.0	929.0	-564.7576904296875	278.4781494140625
552.0	0.0	-564.3223876953125	283.1081237792969
576.0	0.0	-564.3522338867188	283.0377502441406
576.0	935.0	-564.0866088867188	278.97198486328125
600.0	0.0	-564.4472045898438	282.7518615722656
600.0	935.0	-563.4568481445312	279.08343505859375
624.0	0.0	-564.5237426757812	282.37786865234375
624.0	934.0	-558.8927001953125	285.9530029296875
624.0	935.0	-563.4815673828125	279.7054443359375
624.0	937.0	-563.2369995117188	280.0339050292969
648.0	0.0	-564.5662231445312	282.0611267089844
648.0	934.0	-558.824951171875	285.3849182128906
648.0	935.0	-563.6810302734375	280.2098083496094
672.0	0.0	-564.5971069335938	281.8161315917969
672.0	934.0	-558.7525634765625	285.22149658203125
672.0	935.0	-563.4295043945312	280.3934020996094
696.0	0.0	-564.6373291015625	281.55682373046875
696.0	935.0	-557.7838745117188	277.3158264160156
720.0	0.0	-564.6860961914062	281.2984619140625
744.0	0.0	-564.7374877929688	281.0714416503906
744.0	940.0	-557.4740600585938	281.9862365722656
744.0	942.0	-567.2262573242188	277.8247375488281
768.0	0.0	-564.7797241210938	280.9068298339844
768.0	940.0	-562.091796875	282.06097412109375
768.0	942.0	-567.073486328125	277.9617614746094
792.0	0.0	-564.8006591796875	280.8272399902344
792.0	942.0	-566.9078979492188	278.15838623046875
816.0	0.0	-564.8021240234375	280.8215637207031
816.0	942.0	-566.8524780273438	278.36004638671875
816.0	944.0	-566.4718627929688	277.0939636230469
840.0	0.0	-564.8021850585938	280.821533203125
840.0	942.0	-566.8470458984375	278.431396484375
840.0	944.0	-566.1309814453125	277.2535095214844
864.0	0.0	-564.8021850585938	280.821533203125
864.0	942.0	-566.9369506835938	278.4948425292969
864.0	944.0	-565.9292602539062	276.9800720214844
888.0	0.0	-564.8021850585938	280.8215026855469
888.0	942.0	-566.9254760742188	278.5415954589844
888.0	944.0	-565.7079467773438	276.6554870605469
912.0	0.0	-564.8021850585938	280.8215026855469
912.0	942.0	-567.0195922851562	278.4298400878906
912.0	944.0	-565.6194458007812	276.33203125
936.0	0.0	-564.8021850585938	280.8215026855469
936.0	942.0	-567.070068359375	278.4222106933594
936.0	944.0	-565.7120971679688	276.2152099609375
960.0	0.0	-564.8021850585938	280.82147216796875
960.0	942.0	-567.0390014648438	278.40411376953125
960.0	944.0	-565.8203125	276.025146484375
960.0	954.0	-567.2264404296875	276.80517578125
984.0	0.0	-564.8021850585938	280.8214416503906
984.0	942.0	-567.0394287109375	278.4044494628906
984.0	944.0	-565.8280639648438	275.7999572753906
1008.0	0.0	-564.8021850585938	280.82147216796875
1008.0	942.0	-567.022216796875	278.4049377441406
1008.0	944.0	-565.7123413085938	275.66802978515625
1008.0	941.0	-567.7274169921875	285.07012939453125
1008.0	956.0	-558.1417236328125	283.27777099609375
1008.0	958.0	-566.7002563476562	276.7443542480469
1032.0	0.0	-564.8021850585938	280.8213806152344
1032.0	942.0	-567.0370483398438	278.396728515625
1032.0	944.0	-565.6090698242188	275.5622253417969
1032.0	941.0	-567.747314453125	284.7690734863281
1032.0	958.0	-566.4588623046875	276.8540344238281
1056.0	0.0	-564.8021850585938	280.82135009765625
1056.0	942.0	-567.0765991210938	278.3678894042969
1056.0	944.0	-565.50439453125	275.40753173828125
1056.0	958.0	-566.2322387695312	276.947509765625
1056.0	941.0	-567.7935180664062	284.4766540527344
1080.0	0.0	-564.80224609375	280.8211975097656
1080.0	942.0	-567.0894165039062	278.33868408203125
1080.0	944.0	-565.559814453125	275.4168701171875
1080.0	958.0	-565.8922729492188	277.0751647949219
1080.0	941.0	-567.781494140625	284.22210693359375
1080.0	959.0	-567.0614624023438	277.5210266113281
1080.0	960.0	-566.857666015625	276.3629455566406
1104.0	0.0	-564.80224609375	280.8211975097656
1104.0	942.0	-567.148681640625	278.2601013183594
1104.0	944.0	-565.5425415039062	275.4851379394531
1104.0	958.0	-565.7003784179688	277.2123718261719
1104.0	955.0	-566.6113891601562	283.1952209472656
1104.0	941.0	-567.7732543945312	284.0058898925781
1104.0	959.0	-566.604248046875	277.7377014160156
1104.0	960.0	-566.7022705078125	276.2815246582031
1128.0	0.0	-564.8023071289062	280.821044921875
1128.0	942.0	-567.149658203125	278.1453857421875
1128.0	958.0	-565.499267578125	277.3899841308594
1128.0	955.0	-566.5726928710938	282.7164611816406
1128.0	959.0	-566.1404418945312	278.1272888183594
1128.0	960.0	-565.8182373046875	277.9453125
1152.0	0.0	-564.8023071289062	280.82086181640625
1152.0	942.0	-567.1343383789062	278.0921936035156
1152.0	957.0	-565.9270629882812	282.4930419921875
1152.0	958.0	-565.1900024414062	278.1465148925781
1152.0	955.0	-566.6842041015625	282.3497619628906
1152.0	959.0	-565.6304321289062	278.39801025390625
1176.0	0.0	-564.8023681640625	280.8207092285156
1176.0	942.0	-567.1473999023438	278.0009765625
1176.0	957.0	-565.9768676757812	282.16558837890625
1176.0	958.0	-564.9051513671875	278.60614013671875
1176.0	955.0	-566.6730346679688	281.8798522949219
1176.0	959.0	-565.1416625976562	278.6210632324219
1176.0	962.0	-566.2703247070312	282.0552673339844
1200.0	0.0	-564.8023681640625	280.8205871582031
1200.0	942.0	-567.32861328125	277.8975524902344
1200.0	957.0	-566.021728515625	281.8251037597656
1200.0	955.0	-566.675048828125	281.5333251953125
1200.0	959.0	-564.6475830078125	278.7692565917969
1200.0	963.0	-565.9498291015625	276.19964599609375
1224.0	0.0	-564.8024291992188	280.8205261230469
1224.0	957.0	-566.03955078125	281.48455810546875
1224.0	955.0	-566.8616333007812	281.3035888671875
1224.0	959.0	-564.0550537109375	278.8482971191406
1224.0	963.0	-565.7774658203125	276.3892517089844
1224.0	965.0	-564.6923828125	277.8670349121094
1224.0	966.0	-565.0479736328125	277.8069763183594
1224.0	967.0	-567.0950317382812	276.95611572265625
1248.0	0.0	-564.8024291992188	280.8205261230469
1248.0	947.0	-565.2621459960938	281.3163146972656
1248.0	957.0	-566.0684204101562	281.2540283203125
1248.0	955.0	-566.8792724609375	280.87872314453125
1248.0	959.0	-563.4595947265625	279.0606689453125
1248.0	963.0	-565.5206298828125	276.6424560546875
1248.0	965.0	-564.3325805664062	277.9471130371094
1248.0	966.0	-564.9631958007812	276.60369873046875
1248.0	969.0	-567.5164794921875	277.8099060058594
1272.0	0.0	-564.8024291992188	280.82049560546875
1272.0	947.0	-565.4148559570312	281.1500549316406
1272.0	955.0	-566.093017578125	280.6191711425781
1272.0	959.0	-562.8411865234375	279.138671875
1272.0	963.0	-565.3372802734375	276.968017578125
1272.0	965.0	-564.2379760742188	278.0947265625
1272.0	966.0	-564.824951171875	276.9612731933594
1272.0	969.0	-567.5067138671875	277.8064270019531
1272.0	967.0	-566.1673583984375	277.2939758300781
1296.0	0.0	-564.8024291992188	280.82037353515625
1296.0	947.0	-565.6170043945312	280.91845703125
1296.0	963.0	-565.33251953125	275.7186584472656
1296.0	965.0	-564.1222534179688	278.40887451171875
1296.0	966.0	-564.6769409179688	277.16455078125
1296.0	969.0	-567.5066528320312	277.84405517578125
1296.0	967.0	-565.8276977539062	277.60858154296875
1296.0	970.0	-567.5772094726562	282.3359069824219
1320.0	0.0	-564.802490234375	280.8203125
1320.0	947.0	-565.7388305664062	280.5755310058594
1320.0	963.0	-565.1416015625	275.59613037109375
1320.0	965.0	-564.0087280273438	278.70465087890625
1320.0	966.0	-564.4071044921875	277.3392333984375
1320.0	969.0	-565.5013427734375	280.0594787597656
1320.0	967.0	-565.4309692382812	277.86895751953125
1320.0	970.0	-567.4757690429688	282.0581359863281
1320.0	972.0	-567.3906860351562	276.7124328613281
1344.0	0.0	-564.802490234375	280.8201599121094
1344.0	947.0	-565.63330078125	280.2860107421875
1344.0	965.0	-563.9319458007812	278.9222412109375
1344.0	966.0	-564.0827026367188	277.546875
1344.0	967.0	-565.027099609375	278.0937805175781
1344.0	970.0	-567.3230590820312	281.86773681640625
1344.0	975.0	-561.2063598632812	279.9868469238281
1368.0	0.0	-564.8025512695312	280.8200988769531
1368.0	947.0	-565.6898193359375	280.0859375
1368.0	965.0	-563.9510498046875	279.241455078125
1368.0	966.0	-564.2630004882812	279.1661376953125
1368.0	967.0	-564.7698974609375	278.33868408203125
1368.0	970.0	-567.2501831054688	281.647216796875
1368.0	975.0	-560.7276000976562	280.1396484375
1392.0	0.0	-564.8025512695312	280.8200378417969
1392.0	947.0	-565.8491821289062	279.7568054199219
1392.0	965.0	-564.05615234375	279.50994873046875
1392.0	967.0	-564.5130004882812	278.5830383300781
1392.0	970.0	-567.1904907226562	281.4499206542969
1416.0	0.0	-564.8026123046875	280.81988525390625
1416.0	947.0	-565.6278076171875	279.3712463378906
1416.0	965.0	-564.1201171875	279.78765869140625
1416.0	967.0	-564.1790161132812	278.73968505859375
1416.0	970.0	-567.1522216796875	281.1702880859375
1416.0	977.0	-564.4671020507812	274.241455078125
1416.0	978.0	-559.705322265625	280.81610107421875
1440.0	0.0	-564.8025512695312	280.8199157714844
1440.0	947.0	-565.6841430664062	279.09698486328125
1440.0	965.0	-564.1793823242188	279.99658203125
1440.0	967.0	-564.3920288085938	279.8994445800781
1440.0	970.0	-567.1100463867188	280.9585266113281
1440.0	977.0	-564.3875732421875	270.962158203125
1440.0	978.0	-559.135498046875	281.157470703125
1464.0	0.0	-564.8026123046875	280.81988525390625
1464.0	947.0	-565.667724609375	278.8367004394531
1464.0	965.0	-564.379638671875	280.26617431640625
1464.0	970.0	-567.0967407226562	280.6927185058594
1464.0	977.0	-564.649658203125	270.9623718261719
1464.0	979.0	-567.5247192382812	277.85174560546875
1488.0	0.0	-564.8026123046875	280.81988525390625
1488.0	947.0	-565.4057006835938	278.39727783203125
1488.0	965.0	inf	inf
1488.0	970.0	-567.1323852539062	280.38726806640625
1488.0	977.0	-564.9876098632812	270.96490478515625
1488.0	979.0	-567.538818359375	277.85662841796875
1488.0	981.0	-558.406494140625	281.8902587890625
1512.0	0.0	-564.8026123046875	280.81976318359375
1512.0	970.0	-567.026123046875	280.0265197753906
1512.0	979.0	-567.5154418945312	277.82958984375
1512.0	981.0	-558.0442504882812	282.08062744140625
1512.0	985.0	-564.3953247070312	280.2800598144531
1512.0	982.0	-563.246337890625	279.6762390136719
1536.0	0.0	-564.8026123046875	280.81976318359375
1536.0	970.0	-566.9163208007812	279.9039001464844
1536.0	979.0	-567.4960327148438	277.8309631347656
1536.0	985.0	-564.4072875976562	280.24761962890625
1536.0	988.0	-565.3861083984375	277.60888671875
1536.0	989.0	-566.54638671875	277.0128173828125
1536.0	990.0	-567.339599609375	277.0315246582031
1536.0	992.0	-564.5115356445312	277.2602233886719
1560.0	0.0	-564.8026123046875	280.8197937011719
1560.0	970.0	-566.8536987304688	279.63714599609375
1560.0	979.0	-567.49072265625	277.84503173828125
1560.0	985.0	-564.3778686523438	280.1585998535156
1560.0	988.0	-565.390869140625	277.1902160644531
1560.0	989.0	-566.6422729492188	276.77301025390625
1560.0	990.0	-567.2348022460938	277.16278076171875
1560.0	992.0	-564.0874633789062	277.31658935546875
1584.0	0.0	-564.8026123046875	280.8197326660156
1584.0	970.0	-566.9014892578125	279.424072265625
1584.0	979.0	-567.5026245117188	277.84490966796875
1584.0	985.0	-564.2384643554688	280.02349853515625
1584.0	988.0	-565.5458984375	276.9144592285156
1584.0	989.0	-566.3214111328125	277.14898681640625
1584.0	992.0	-564.394287109375	279.6766662597656
1608.0	0.0	-564.8026733398438	280.8195495605469
1608.0	970.0	-566.8302612304688	279.2903137207031
1608.0	979.0	-567.509521484375	277.8347473144531
1608.0	985.0	-563.9050903320312	279.7633056640625
1608.0	988.0	-565.6004028320312	276.5602722167969
1608.0	992.0	-564.1591796875	279.41522216796875
1608.0	989.0	-566.390625	276.8651123046875
1608.0	993.0	-564.9364624023438	276.066162109375
1632.0	0.0	-564.8026733398438	280.81951904296875
1632.0	970.0	-566.6134033203125	279.31591796875
1632.0	979.0	-567.4869384765625	277.8305358886719
1632.0	985.0	-563.6507568359375	279.5237731933594
1632.0	988.0	-565.7456665039062	276.1852111816406
1632.0	996.0	-567.1109619140625	277.1253662109375
1656.0	0.0	-564.802734375	280.8193359375
1656.0	970.0	-566.4390258789062	279.4405822753906
1656.0	979.0	-567.4605102539062	277.8388366699219
1656.0	985.0	-563.337646484375	279.38592529296875
1656.0	988.0	-565.85546875	275.8135986328125
1656.0	996.0	-566.9444580078125	277.3192443847656
1656.0	1000.0	-566.2726440429688	277.2105712890625
1680.0	0.0	-564.802734375	280.8193054199219
1680.0	970.0	-566.2225952148438	279.6751708984375
1680.0	979.0	-567.4762573242188	277.8529052734375
1680.0	985.0	-562.9423828125	279.1468505859375
1680.0	988.0	-565.8931274414062	275.46197509765625
1680.0	996.0	-566.8343505859375	277.3929443359375
1680.0	1000.0	-565.9766235351562	277.18963623046875
1680.0	1002.0	-564.6380615234375	276.150634765625
1704.0	0.0	-564.802734375	280.8193054199219
1704.0	970.0	-568.0538940429688	278.8708801269531
1704.0	979.0	-567.422119140625	277.9577331542969
1704.0	985.0	-563.2175903320312	279.5460205078125
1704.0	996.0	-566.6060791015625	277.384521484375
1704.0	1000.0	-565.7627563476562	277.2781677246094
1704.0	1002.0	-564.51611328125	276.1044921875
1728.0	0.0	-564.8027954101562	280.81915283203125
1728.0	970.0	-568.103515625	279.8246154785156
1728.0	979.0	-567.31201171875	278.18572998046875
1728.0	985.0	-563.24560546875	279.6789855957031
1728.0	996.0	-566.3114624023438	277.38006591796875
1728.0	1000.0	-565.5383911132812	277.3774108886719
1728.0	1002.0	-564.5145263671875	276.1004333496094
1728.0	1004.0	-565.0023803710938	276.1318359375
1752.0	0.0	-564.8027954101562	280.8189697265625
1752.0	970.0	-568.0695190429688	281.0637512207031
1752.0	979.0	-567.3020629882812	278.3438415527344
1752.0	985.0	-563.2405395507812	279.74749755859375
1752.0	996.0	-565.9822998046875	277.5306396484375
1752.0	1000.0	-565.1898803710938	277.3651123046875
1752.0	1002.0	-564.5478515625	276.0905456542969
1776.0	0.0	-564.8028564453125	280.8188781738281
1776.0	970.0	-566.7237548828125	281.4095153808594
1776.0	979.0	-567.3353881835938	278.3663024902344
1776.0	985.0	-563.231201171875	279.7791748046875
1776.0	996.0	-565.7733154296875	277.6402587890625
1776.0	1006.0	-567.2262573242188	277.3039855957031
1776.0	1000.0	-564.9567260742188	277.4248962402344
1776.0	1008.0	-563.1480102539062	275.6900634765625
1800.0	0.0	-564.8028564453125	280.8188171386719
1800.0	970.0	-567.9901123046875	282.4905700683594
1800.0	979.0	-567.36669921875	278.2188415527344
1800.0	996.0	-565.51318359375	277.643798828125
1800.0	1005.0	-560.7613525390625	282.64599609375
1800.0	1006.0	-567.0220336914062	277.36138916015625
1800.0	1000.0	-564.69091796875	277.56524658203125
1800.0	1008.0	-562.911376953125	276.0169982910156
1824.0	0.0	-564.8029174804688	280.8186340332031
1824.0	970.0	-567.9926147460938	283.1339111328125
1824.0	979.0	-567.3836669921875	278.18768310546875
1824.0	996.0	-565.2853393554688	277.7204895019531
1824.0	1005.0	-557.4739990234375	283.7156982421875
1824.0	1000.0	-564.6563110351562	277.60650634765625
1824.0	1008.0	-562.645751953125	276.0533447265625
1824.0	1006.0	-566.9679565429688	277.578857421875
1848.0	0.0	-564.8029174804688	280.8185729980469
1848.0	970.0	-568.03076171875	283.7136535644531
1848.0	979.0	-567.1898803710938	278.2159729003906
1848.0	996.0	-564.9506225585938	277.9107666015625
1848.0	1000.0	-564.212890625	277.59869384765625
1848.0	1006.0	-566.9017333984375	277.7091979980469
1848.0	1011.0	-563.2661743164062	276.16656494140625
1848.0	1008.0	-562.2301025390625	276.2252502441406
1848.0	1010.0	-566.6956787109375	276.47802734375
1848.0	1005.0	-560.0220947265625	282.3471374511719
1872.0	0.0	-564.8029174804688	280.8185729980469
1872.0	970.0	-567.9710693359375	283.96966552734375
1872.0	979.0	-566.995849609375	278.38818359375
1872.0	991.0	-565.884521484375	282.37994384765625
1872.0	996.0	-564.7227783203125	277.90216064453125
1872.0	1000.0	-564.08935546875	277.5889892578125
1872.0	1006.0	-566.7808227539062	277.854736328125
1872.0	1011.0	-562.8717651367188	276.4403076171875
1896.0	0.0	-564.802978515625	280.81842041015625
1896.0	979.0	-566.7279052734375	278.5075988769531
1896.0	991.0	-565.4544067382812	281.4945068359375
1896.0	996.0	-564.4721069335938	278.0223693847656
1896.0	1000.0	-563.8592529296875	277.6568298339844
1896.0	1006.0	-566.572998046875	278.0981140136719
1896.0	1013.0	-561.6372680664062	276.4447326660156
1896.0	1011.0	-562.5538940429688	276.779052734375
1920.0	0.0	-564.802978515625	280.8184509277344
1920.0	979.0	-566.4164428710938	278.5519104003906
1920.0	996.0	-564.199462890625	278.19744873046875
1920.0	999.0	-565.3131713867188	281.2709045410156
1920.0	1011.0	-562.2525634765625	277.1287841796875
1920.0	1016.0	-564.5126953125	276.0658264160156
1944.0	0.0	-564.802978515625	280.81842041015625
1944.0	979.0	-566.0775146484375	278.7711181640625
1944.0	996.0	-564.033203125	278.3458557128906
1944.0	999.0	-565.410888671875	281.14703369140625
1944.0	1012.0	-564.1495971679688	281.06048583984375
1944.0	1011.0	-561.8820190429688	277.4940185546875
1944.0	1016.0	-564.52099609375	276.06732177734375
1944.0	1020.0	-562.552734375	276.763671875
1968.0	0.0	-564.802978515625	280.81842041015625
1968.0	979.0	-565.810546875	278.8563537597656
1968.0	996.0	-563.7052612304688	278.39593505859375
1968.0	999.0	-565.4813232421875	280.8661804199219
1968.0	1012.0	-557.5623168945312	280.96270751953125
1968.0	1011.0	-561.7703247070312	277.9718017578125
1968.0	1016.0	-564.5540161132812	276.115478515625
1992.0	0.0	-564.802978515625	280.8183898925781
1992.0	979.0	-565.5421752929688	278.83392333984375
1992.0	996.0	-563.5330810546875	278.42254638671875
1992.0	999.0	-565.4550170898438	280.56719970703125
1992.0	1012.0	-564.18603515625	280.5229797363281
1992.0	1016.0	-564.5582885742188	276.13323974609375
1992.0	1019.0	-562.5894165039062	281.7832336425781
1992.0	1021.0	-566.4931030273438	280.9988098144531
1992.0	1022.0	-565.4735107421875	277.3837890625
2016.0	0.0	-564.802978515625	280.8184509277344
2016.0	979.0	-565.2548217773438	278.8560791015625
2016.0	996.0	-564.3928833007812	280.20184326171875
2016.0	999.0	-565.4674072265625	280.3064270019531
2016.0	1012.0	-564.0452880859375	280.2181091308594
2016.0	1016.0	-564.5104370117188	276.1039733886719
2016.0	1019.0	-562.6240844726562	281.5576477050781
2016.0	1021.0	-566.4121704101562	280.61700439453125
2016.0	1022.0	-565.1094360351562	277.4388122558594
2040.0	0.0	-564.8029174804688	280.8185119628906
2040.0	979.0	-565.0072021484375	278.94818115234375
2040.0	999.0	-565.6339111328125	280.032470703125
2040.0	1012.0	-564.1155395507812	279.8638610839844
2040.0	1019.0	-562.8467407226562	281.285888671875
2040.0	1021.0	-566.522216796875	280.2223205566406
2040.0	1024.0	-566.7562866210938	276.3865966796875
2064.0	0.0	-564.8029174804688	280.81854248046875
2064.0	979.0	-564.741455078125	279.6777648925781
2064.0	999.0	-565.640625	279.664794921875
2064.0	1012.0	-564.3099365234375	279.65435791015625
2064.0	1019.0	-563.048583984375	281.06512451171875
2064.0	1021.0	-566.498046875	279.7843322753906
2064.0	1025.0	-562.8467407226562	278.82421875
2064.0	1026.0	-564.982421875	278.4095764160156
2088.0	0.0	-564.8029174804688	280.818603515625
2088.0	999.0	-565.7264404296875	279.2972412109375
2088.0	1012.0	-564.5364990234375	279.3404846191406
2088.0	1019.0	-563.3170776367188	280.8365478515625
2088.0	1021.0	-566.5220947265625	279.35833740234375
2088.0	1025.0	-562.6688232421875	278.95452880859375
2088.0	1027.0	-566.3499145507812	275.8569641113281
2112.0	0.0	-564.8029174804688	280.81866455078125
2112.0	999.0	-565.7819213867188	278.9974670410156
2112.0	1012.0	-564.7178955078125	278.9791564941406
2112.0	1019.0	-563.4645385742188	280.60174560546875
2112.0	1021.0	-566.5062866210938	278.9975280761719
2112.0	1025.0	-563.2282104492188	279.7346496582031
2112.0	1030.0	-563.9962158203125	279.1034851074219
2112.0	1027.0	-565.2938232421875	278.9363098144531
2136.0	0.0	-564.806884765625	280.805419921875
2136.0	999.0	-565.843017578125	278.6553649902344
2136.0	1012.0	-565.0044555664062	278.7225341796875
2136.0	1019.0	-563.0514526367188	280.0789794921875
2136.0	1021.0	-566.5296630859375	278.627685546875
2136.0	1030.0	-563.7796020507812	279.0132141113281
2136.0	1031.0	-564.1593627929688	278.3978271484375
2160.0	0.0	-564.8190307617188	280.7799072265625
2160.0	999.0	-566.505126953125	278.2729187011719
2160.0	1012.0	-565.6322021484375	278.1368103027344
2160.0	1019.0	-564.1659545898438	280.11468505859375
2160.0	1021.0	-567.8330078125	277.87493896484375
2160.0	1030.0	-564.2977294921875	279.7330017089844
2160.0	1031.0	-563.8627319335938	276.3441467285156
2160.0	1033.0	-557.7886352539062	278.6722106933594
2184.0	0.0	-564.8291015625	280.76837158203125
2184.0	999.0	-566.3764038085938	277.8912048339844
2184.0	1012.0	-565.614501953125	277.919677734375
2184.0	1019.0	-564.44384765625	279.9620361328125
2184.0	1021.0	-567.1358032226562	278.0482177734375
2208.0	0.0	-564.8317260742188	280.7659606933594
2208.0	999.0	-565.6280517578125	277.5605163574219
2208.0	1012.0	-564.886474609375	279.4117736816406
2208.0	1019.0	-562.9172973632812	276.2174072265625
2208.0	1034.0	-566.7140502929688	278.1205139160156
2208.0	1035.0	-565.4154663085938	288.4504089355469
2208.0	1021.0	-566.2566528320312	277.4330139160156
2232.0	0.0	-564.8340454101562	280.7642517089844
2232.0	999.0	-566.0110473632812	277.27618408203125
2232.0	1012.0	-565.046142578125	279.108154296875
2232.0	1019.0	-564.7013549804688	279.210205078125
2232.0	1034.0	-566.8242797851562	278.6689147949219
2232.0	1037.0	-562.6442260742188	278.3444519042969
2232.0	1021.0	-566.471923828125	277.415771484375
2256.0	0.0	-564.8351440429688	280.7635498046875
2256.0	999.0	-566.2420043945312	277.0472412109375
2256.0	1019.0	-565.02783203125	278.9739685058594
2256.0	1034.0	-566.7596435546875	279.08135986328125
2256.0	1039.0	-566.716064453125	277.9820556640625
2256.0	1037.0	-561.8153686523438	277.010498046875
2280.0	0.0	-564.8330688476562	280.7640075683594
2280.0	1019.0	-565.3006591796875	278.5816955566406
2280.0	1034.0	-566.6974487304688	279.40325927734375
2280.0	1039.0	-566.463134765625	278.2622985839844
2280.0	1037.0	-561.46484375	276.8326721191406
2304.0	0.0	-564.8316650390625	280.7640380859375
2304.0	1019.0	-565.4817504882812	278.2400207519531
2304.0	1034.0	-566.5375366210938	279.7331848144531
2304.0	1039.0	-566.0347290039062	278.6981506347656
2328.0	0.0	-564.8311157226562	280.7640075683594
2328.0	1019.0	-565.391845703125	278.9207763671875
2328.0	1034.0	-566.2776489257812	280.155517578125
2328.0	1039.0	-565.700439453125	278.87481689453125
2352.0	0.0	-564.8305053710938	280.76373291015625
2352.0	1034.0	-566.1113891601562	280.4998474121094
2352.0	1039.0	-566.081787109375	277.50872802734375
2376.0	0.0	-564.8303833007812	280.76361083984375
2376.0	1034.0	-566.1065063476562	280.8249816894531
2376.0	1039.0	-565.5260009765625	277.6814880371094
2400.0	0.0	-564.8306884765625	280.7639465332031
2400.0	1034.0	-565.9371948242188	281.2388916015625
2400.0	1048.0	-566.8233642578125	275.0671691894531
2400.0	1050.0	-567.9281005859375	274.15252685546875
2424.0	0.0	-564.8309936523438	280.7644348144531
2424.0	1034.0	-565.850341796875	281.82586669921875
2448.0	0.0	-564.83056640625	280.76312255859375
2448.0	1034.0	-565.8346557617188	282.232421875
2448.0	1053.0	-562.9926147460938	280.170166015625
2472.0	0.0	-564.8305053710938	280.7630615234375
2472.0	1034.0	-567.746337890625	285.4739685058594
2472.0	1053.0	-563.1121215820312	280.8985595703125
2496.0	0.0	-564.8305053710938	280.7630310058594
2496.0	1034.0	-565.8196411132812	283.26629638671875
2496.0	1053.0	-562.6339111328125	281.2100524902344
2496.0	1063.0	-566.6080932617188	278.0357360839844
2520.0	0.0	-564.8408813476562	280.7978820800781
2520.0	1034.0	-565.7268676757812	283.80218505859375
2520.0	1063.0	-566.4982299804688	278.17236328125
2520.0	1065.0	-559.2037353515625	280.9754943847656
2544.0	0.0	-564.8955078125	281.0048522949219
2544.0	1034.0	-565.5404663085938	284.239990234375
2544.0	1063.0	-566.644775390625	278.4534912109375
2544.0	1065.0	-559.041015625	281.0922546386719
2568.0	0.0	-564.9596557617188	281.2518615722656
2568.0	1034.0	-565.6923828125	284.784912109375
2568.0	1068.0	-557.5565185546875	283.0466613769531
2568.0	1069.0	-561.1840209960938	281.4727783203125
2592.0	0.0	-565.01953125	281.4702453613281
2592.0	1034.0	-565.6157836914062	285.47003173828125
2592.0	1068.0	-558.1000366210938	282.68426513671875
2592.0	1070.0	-561.5452270507812	280.3502502441406
2616.0	0.0	-565.083740234375	281.7051086425781
2616.0	1034.0	-565.5025634765625	285.95892333984375
2616.0	1070.0	-561.1995239257812	280.6419372558594
2640.0	0.0	-565.1513671875	281.95513916015625
2640.0	1034.0	-565.3544921875	286.45941162109375
2640.0	1070.0	-560.8277587890625	280.922607421875
2664.0	0.0	-565.2139892578125	282.19256591796875
2664.0	1034.0	-565.1616821289062	286.9967956542969
2664.0	1070.0	-558.4085083007812	280.8430480957031
2688.0	0.0	-565.2723999023438	282.4393005371094
2688.0	1034.0	-564.7919921875	287.32916259765625
2688.0	1070.0	-560.0667724609375	281.3094787597656
2712.0	0.0	-565.31494140625	282.6867370605469
2712.0	1034.0	-564.5419311523438	287.77838134765625
2712.0	1070.0	-559.8306274414062	281.3125915527344
2712.0	1078.0	-565.8274536132812	286.6572265625
2736.0	0.0	-565.3421020507812	282.9374084472656
2736.0	1034.0	-564.712890625	287.1127014160156
2736.0	1078.0	-565.9654541015625	286.6413269042969
2736.0	1079.0	-566.831787109375	287.9487609863281
2760.0	0.0	-565.3622436523438	283.18609619140625
2760.0	1070.0	-558.838134765625	281.8093566894531
2784.0	0.0	-565.3777465820312	283.4343566894531
2784.0	1082.0	-566.1215209960938	286.68963623046875
2784.0	1084.0	-567.35205078125	286.7614440917969
2784.0	1083.0	-565.6893920898438	288.7196960449219
2808.0	0.0	-565.3884887695312	283.6846008300781
2808.0	1082.0	-566.1165161132812	286.75
2808.0	1085.0	-564.6719360351562	286.99072265625
2808.0	1084.0	-567.408935546875	286.7713623046875
2832.0	0.0	-565.3945922851562	283.9365539550781
2832.0	1084.0	-567.4102783203125	286.7639465332031
2832.0	1085.0	-564.4443359375	286.9769592285156
2832.0	1089.0	-564.7252197265625	289.7904052734375
2856.0	0.0	-565.3955078125	284.1857604980469
2856.0	1084.0	-567.3695678710938	286.7740478515625
2856.0	1085.0	-564.3037719726562	287.0313415527344
2856.0	1089.0	-563.2342529296875	294.45147705078125
2856.0	1082.0	-566.0579223632812	286.804443359375
2856.0	1087.0	-566.8753662109375	287.463134765625
2856.0	1090.0	-565.0177001953125	290.261962890625
2880.0	0.0	-565.3912963867188	284.3624267578125
2880.0	1089.0	-564.4866943359375	287.6489562988281
2880.0	1082.0	-566.0347290039062	286.87652587890625
2880.0	1090.0	-565.3391723632812	287.9223937988281
2904.0	0.0	-565.3822631835938	284.5051574707031
2904.0	1082.0	-565.9605712890625	286.8969421386719
2904.0	1092.0	-566.8546142578125	288.54840087890625
2904.0	1084.0	-567.3074340820312	286.7696838378906
2904.0	1093.0	-563.9795532226562	286.7127380371094
2904.0	1094.0	-565.6148071289062	289.86578369140625
2928.0	0.0	-565.3687133789062	284.6319274902344
2928.0	1082.0	-565.8905029296875	286.8674011230469
2928.0	1084.0	-567.3154907226562	286.756591796875
2928.0	1093.0	-563.8564453125	286.6507568359375
2928.0	1094.0	-564.595703125	294.5255432128906
2928.0	1089.0	-564.1709594726562	287.4598693847656
2952.0	0.0	-565.3512573242188	284.7509765625
2952.0	1082.0	-565.8787231445312	286.853759765625
2952.0	1084.0	-567.3388061523438	286.7513427734375
2952.0	1093.0	-563.72119140625	286.69952392578125
2952.0	1094.0	-563.8173828125	294.49267578125
2952.0	1089.0	-563.9671020507812	287.4501953125
2952.0	1097.0	-567.25244140625	287.5265808105469
2976.0	0.0	-565.3381958007812	284.82965087890625
2976.0	1082.0	-565.9860229492188	286.82098388671875
2976.0	1084.0	-567.4067993164062	286.7117614746094
2976.0	1093.0	-563.533935546875	286.76824951171875
2976.0	1094.0	-563.0744018554688	294.45245361328125
2976.0	1089.0	-560.40869140625	294.2257995605469
2976.0	1097.0	-567.1023559570312	287.2405700683594
2976.0	1098.0	-565.533447265625	288.6358642578125
2976.0	1099.0	-561.6444091796875	280.5026550292969
3000.0	0.0	-565.3347778320312	284.8502502441406
3000.0	1082.0	-566.095703125	286.8565979003906
3000.0	1084.0	-567.4945678710938	286.6885681152344
3000.0	1093.0	-563.4014282226562	286.6767272949219
3000.0	1094.0	-564.5479125976562	287.2112731933594
3000.0	1089.0	-563.703125	287.48095703125
3000.0	1097.0	-566.8906860351562	287.00830078125
3000.0	1099.0	-561.5499877929688	280.9023132324219
3024.0	0.0	-565.3348999023438	284.849853515625
3024.0	1082.0	-566.1588745117188	287.1120910644531
3024.0	1084.0	-567.5352172851562	286.692626953125
3024.0	1093.0	-563.3372802734375	286.59967041015625
3024.0	1094.0	-564.5256958007812	286.7715759277344
3024.0	1089.0	-563.5626220703125	287.4267883300781
3024.0	1097.0	-566.6669921875	286.64715576171875
3024.0	1099.0	-561.581298828125	281.21826171875
3024.0	1098.0	-564.9447021484375	287.0606384277344
3048.0	0.0	-565.3348388671875	284.8498840332031
3048.0	1082.0	-566.0427856445312	287.0651550292969
3048.0	1084.0	-567.6063232421875	286.7257995605469
3048.0	1093.0	-563.2681274414062	286.571044921875
3048.0	1094.0	-564.4584350585938	286.47564697265625
3048.0	1089.0	-563.4235229492188	287.3505859375
3048.0	1097.0	-566.5771484375	286.43157958984375
3048.0	1098.0	-564.668212890625	286.80291748046875
3072.0	0.0	-565.3348388671875	284.85009765625
3072.0	1082.0	-565.9429931640625	286.7608642578125
3072.0	1084.0	-567.6683959960938	286.7479248046875
3072.0	1093.0	-563.2017211914062	286.64459228515625
3072.0	1097.0	-566.3758544921875	286.2686767578125
3072.0	1098.0	-564.55126953125	286.42169189453125
3072.0	1101.0	-563.8336791992188	294.4991149902344
3096.0	0.0	-565.3348388671875	284.8502197265625
3096.0	1082.0	-565.8279418945312	286.24951171875
3096.0	1084.0	-567.7925415039062	286.73583984375
3096.0	1093.0	-564.1485595703125	285.8226623535156
3096.0	1097.0	-566.156005859375	286.1211242675781
3096.0	1098.0	-564.4193725585938	285.9669494628906
3096.0	1103.0	-563.9540405273438	288.47344970703125
3096.0	1104.0	-565.8451538085938	290.5023498535156
3096.0	1102.0	-561.6714477539062	282.3843688964844
3096.0	1101.0	-563.0182495117188	294.4408874511719
3120.0	0.0	-565.3347778320312	284.8503112792969
3120.0	1084.0	-567.8768920898438	286.7468566894531
3120.0	1097.0	-565.8370971679688	285.91510009765625
3120.0	1098.0	-564.2901000976562	285.70721435546875
3120.0	1103.0	-563.6842041015625	288.3831481933594
3120.0	1104.0	-565.0415649414062	294.5746154785156
3120.0	1102.0	-561.7564086914062	282.7934875488281
3120.0	1101.0	-563.265869140625	291.2123718261719
3120.0	1105.0	-567.46875	287.16943359375
3144.0	0.0	-565.3347778320312	284.8504638671875
3144.0	1084.0	-567.8430786132812	286.7188415527344
3144.0	1097.0	-565.6105346679688	286.0391845703125
3144.0	1098.0	-564.0602416992188	285.5908203125
3144.0	1103.0	-563.4462280273438	288.38037109375
3144.0	1104.0	-565.1829833984375	285.8602294921875
3144.0	1102.0	-561.9100341796875	283.2162170410156
3144.0	1106.0	-563.18505859375	287.35614013671875
3144.0	1101.0	-562.7493286132812	291.00799560546875
3168.0	0.0	-565.3347778320312	284.85052490234375
3168.0	1098.0	-564.1002197265625	285.14947509765625
3168.0	1103.0	-564.7559814453125	285.79559326171875
3168.0	1102.0	-562.1986694335938	283.56915283203125
3168.0	1104.0	-565.0762939453125	285.72314453125
3168.0	1108.0	-566.5128784179688	287.2112731933594
3168.0	1109.0	-567.4522705078125	287.6539001464844
3168.0	1084.0	-567.9386596679688	286.7202453613281
3168.0	1097.0	-565.2363891601562	285.9799499511719
3192.0	0.0	-565.3347778320312	284.85052490234375
3192.0	1098.0	-563.9403076171875	284.9180603027344
3192.0	1102.0	-562.4436645507812	283.854736328125
3192.0	1108.0	-566.5529174804688	287.1773376464844
3192.0	1097.0	-564.9105224609375	285.70513916015625
3192.0	1084.0	-567.9822387695312	286.7519226074219
3192.0	1112.0	-564.8221435546875	285.4335632324219
3216.0	0.0	-565.3347778320312	284.8505554199219
3216.0	1108.0	-566.5870361328125	287.1341552734375
3216.0	1097.0	-564.6578979492188	285.5181579589844
3216.0	1084.0	-567.9765625	286.74609375
3216.0	1113.0	-564.5712280273438	285.3529052734375
3216.0	1098.0	-563.74755859375	284.5816345214844
3240.0	0.0	-565.3347778320312	284.85052490234375
3240.0	1108.0	-566.5933227539062	287.1032409667969
3240.0	1097.0	-564.3446044921875	285.34429931640625
3240.0	1110.0	-563.7904052734375	294.48486328125
3240.0	1116.0	-559.9398193359375	294.1771240234375
3240.0	1084.0	-567.9428100585938	286.68658447265625
3240.0	1098.0	-563.5892333984375	284.30859375
3264.0	0.0	-565.3347778320312	284.8505554199219
3264.0	1108.0	-566.5913696289062	287.04705810546875
3264.0	1097.0	-564.110107421875	284.9450988769531
3264.0	1117.0	-566.2160034179688	287.2238464355469
3264.0	1118.0	-564.2574462890625	288.5828857421875
3264.0	1084.0	-567.8831176757812	286.64984130859375
3264.0	1119.0	-565.7296142578125	288.0441589355469
3264.0	1098.0	-557.8324584960938	281.3781433105469
3264.0	1120.0	-564.068359375	284.6935729980469
3264.0	1116.0	-562.4581909179688	289.16949462890625
3288.0	0.0	-565.3347778320312	284.8506164550781
3288.0	1108.0	-566.5963134765625	286.9957275390625
3288.0	1097.0	-563.7910766601562	284.7682189941406
3288.0	1117.0	-566.142333984375	287.92376708984375
3288.0	1118.0	-563.79345703125	288.51507568359375
3288.0	1084.0	-567.8486328125	286.6293640136719
3288.0	1119.0	-565.5811157226562	287.8549499511719
3288.0	1098.0	-563.416015625	283.6048889160156
3312.0	0.0	-565.3347778320312	284.85052490234375
3312.0	1108.0	-566.657470703125	287.0218811035156
3312.0	1097.0	-563.6175537109375	284.383056640625
3312.0	1117.0	-565.929931640625	287.8556823730469
3312.0	1084.0	-567.8179321289062	286.61376953125
3312.0	1119.0	-565.40966796875	287.713623046875
3312.0	1098.0	-559.302978515625	280.57244873046875
3312.0	1118.0	-563.6328125	287.79559326171875
3312.0	1121.0	-563.7029418945312	285.0910339355469
3336.0	0.0	-565.3347778320312	284.8504638671875
3336.0	1108.0	-566.79736328125	287.0005798339844
3336.0	1097.0	-563.2831420898438	284.17584228515625
3336.0	1117.0	-565.6093139648438	287.79522705078125
3336.0	1084.0	-567.8080444335938	286.6034851074219
3336.0	1098.0	-563.0684814453125	282.96575927734375
3336.0	1121.0	-563.8513793945312	285.1427001953125
3336.0	1118.0	-563.277099609375	287.7278747558594
3336.0	1119.0	-565.300048828125	287.53582763671875
3360.0	0.0	-565.3347778320312	284.85040283203125
3360.0	1108.0	-567.0142822265625	286.9537048339844
3360.0	1097.0	-562.9407958984375	283.8683776855469
3360.0	1117.0	-565.418212890625	287.6947326660156
3360.0	1084.0	-567.8070678710938	286.5875244140625
3360.0	1098.0	-562.9801635742188	282.74346923828125
3360.0	1121.0	-563.8822021484375	285.34271240234375
3360.0	1118.0	-562.9775390625	287.77386474609375
3384.0	0.0	-565.3347778320312	284.8503723144531
3384.0	1108.0	-566.931884765625	286.8377990722656
3384.0	1097.0	-562.6569213867188	283.66131591796875
3384.0	1117.0	-565.0376586914062	287.53961181640625
3384.0	1084.0	-567.8121337890625	286.5767517089844
3384.0	1098.0	-562.7682495117188	282.5606384277344
3384.0	1121.0	-563.8917236328125	285.4735107421875
3384.0	1118.0	-562.6748046875	287.9432678222656
3384.0	1122.0	-566.57275390625	287.1726379394531
3408.0	0.0	-565.3348388671875	284.8501892089844
3408.0	1108.0	-566.9662475585938	286.76629638671875
3408.0	1097.0	-562.2135009765625	283.4634704589844
3408.0	1117.0	-564.4542846679688	290.140625
3408.0	1084.0	-567.8062744140625	286.5710144042969
3408.0	1098.0	-562.40966796875	282.3122863769531
3408.0	1121.0	-564.0228881835938	285.6448059082031
3408.0	1122.0	-566.599365234375	287.2737121582031
3408.0	1123.0	-562.4462280273438	288.101806640625
3432.0	0.0	-565.3348388671875	284.85015869140625
3432.0	1108.0	-567.0069580078125	286.7027282714844
3432.0	1097.0	-561.7158203125	283.1384582519531
3432.0	1117.0	-564.4728393554688	287.5599365234375
3432.0	1084.0	-567.8295288085938	286.56549072265625
3432.0	1098.0	-562.1507568359375	282.1739501953125
3432.0	1121.0	-564.0516357421875	285.6759338378906
3432.0	1122.0	-566.4136352539062	286.98828125
3432.0	1123.0	-562.1611328125	288.2231140136719
3456.0	0.0	-565.3348388671875	284.85009765625
3456.0	1108.0	-567.0355224609375	286.7091369628906
3456.0	1097.0	-561.3641967773438	282.9129943847656
3456.0	1117.0	-564.2686767578125	287.47760009765625
3456.0	1084.0	-567.8580322265625	286.552001953125
3456.0	1121.0	-564.061279296875	285.6717834472656
3456.0	1122.0	-566.3423461914062	286.7738952636719
3456.0	1123.0	-561.96435546875	288.33929443359375
3480.0	0.0	-565.3348388671875	284.85003662109375
3480.0	1108.0	-567.1010131835938	286.83587646484375
3480.0	1097.0	-560.9697265625	282.74688720703125
3480.0	1117.0	-563.9375	287.3701477050781
3480.0	1084.0	-567.8757934570312	286.52593994140625
3480.0	1121.0	-564.0787353515625	285.6457214355469
3480.0	1122.0	-566.1085815429688	286.3912353515625
3480.0	1124.0	-563.7767944335938	289.9024658203125
3504.0	0.0	-565.3348388671875	284.85003662109375
3504.0	1117.0	-563.76025390625	287.3865966796875
3504.0	1084.0	-567.7927856445312	286.5867004394531
3504.0	1121.0	-564.0853271484375	285.6487731933594
3504.0	1122.0	-566.0526733398438	286.1236572265625
3504.0	1124.0	-563.5313720703125	289.8328857421875
3504.0	1125.0	-567.7034912109375	292.2845764160156
3528.0	0.0	-565.3348388671875	284.85003662109375
3528.0	1117.0	-563.4295654296875	287.3804931640625
3528.0	1121.0	-564.1001586914062	285.6285400390625
3528.0	1122.0	-566.0731811523438	285.8141174316406
3528.0	1124.0	-563.359130859375	289.7002868652344
3528.0	1125.0	-567.4555053710938	292.9580078125
3552.0	0.0	-565.3348388671875	284.8500671386719
3552.0	1117.0	-563.249755859375	287.3865051269531
3552.0	1121.0	-564.1148071289062	285.61883544921875
3552.0	1122.0	-565.9423828125	285.4766845703125
3552.0	1124.0	-563.298828125	289.6122741699219
3552.0	1128.0	-567.0559692382812	294.5533752441406
3552.0	1129.0	-566.1173706054688	285.3533020019531
3576.0	0.0	-565.3348388671875	284.8500061035156
3576.0	1117.0	-563.0748901367188	287.3895263671875
3576.0	1121.0	-564.142578125	285.6250915527344
3576.0	1122.0	-566.1220092773438	285.4825744628906
3576.0	1128.0	-566.4528198242188	294.55877685546875
3576.0	1124.0	-563.1465454101562	289.5662536621094
3600.0	0.0	-565.3348388671875	284.84991455078125
3600.0	1117.0	-564.1408081054688	286.1349182128906
3600.0	1121.0	-564.0493774414062	285.7818603515625
3600.0	1122.0	-568.212890625	285.994873046875
3600.0	1128.0	-565.5512084960938	289.4261169433594
3600.0	1124.0	-562.9768676757812	289.5083312988281
3600.0	1130.0	-566.9522094726562	286.8723449707031
3600.0	1131.0	-566.7202758789062	288.449951171875
3600.0	1132.0	-567.8355712890625	286.5821838378906
3600.0	1133.0	-560.129638671875	282.5242919921875
3624.0	0.0	-565.3348388671875	284.8498840332031
3624.0	1121.0	-563.91357421875	286.02117919921875
3624.0	1122.0	-566.171875	284.8120422363281
3624.0	1128.0	-565.4866333007812	289.6707763671875
3624.0	1130.0	-566.881103515625	286.713623046875
3624.0	1132.0	-567.8333740234375	286.5853576660156
3624.0	1133.0	-559.9542236328125	282.50567626953125
3648.0	0.0	-565.3348999023438	284.849853515625
3648.0	1121.0	-564.0482177734375	286.47283935546875
3648.0	1128.0	-565.4988403320312	288.57366943359375
3648.0	1130.0	-566.8811645507812	286.7030944824219
3648.0	1132.0	-567.8136596679688	286.5927734375
3648.0	1135.0	-566.4853515625	286.8271484375
3648.0	1136.0	-566.5127563476562	287.61529541015625
3648.0	1131.0	-566.1551513671875	288.2392272949219
3648.0	1122.0	-566.3186645507812	284.43975830078125
3672.0	0.0	-565.3348999023438	284.8498229980469
3672.0	1121.0	-564.0003051757812	286.8753356933594
3672.0	1128.0	-565.4822387695312	288.46630859375
3672.0	1130.0	-567.5469970703125	287.5880432128906
3672.0	1132.0	-567.8010864257812	286.5920715332031
3672.0	1136.0	-566.2691040039062	287.6053466796875
3672.0	1139.0	-562.8821411132812	287.38226318359375
3672.0	1135.0	-566.4492797851562	286.8992614746094
3696.0	0.0	-565.3348999023438	284.8497009277344
3696.0	1121.0	-564.20361328125	287.4541931152344
3696.0	1128.0	-565.37744140625	288.6768798828125
3696.0	1130.0	-568.1327514648438	288.71502685546875
3696.0	1132.0	-567.7943115234375	286.5877380371094
3696.0	1139.0	-562.8091430664062	287.59912109375
3696.0	1135.0	-566.2908325195312	286.85662841796875
3720.0	0.0	-565.3348999023438	284.8495178222656
3720.0	1121.0	-564.2590942382812	287.8903503417969
3720.0	1130.0	-566.501953125	286.7493896484375
3720.0	1132.0	-567.7452392578125	286.56689453125
3720.0	1139.0	-562.763671875	287.7196350097656
3720.0	1135.0	-566.058349609375	286.77105712890625
3720.0	1141.0	-565.8251342773438	287.5489807128906
3720.0	1128.0	-565.2462158203125	287.98779296875
3744.0	0.0	-565.3349609375	284.8494567871094
3744.0	1121.0	-564.319091796875	288.2253723144531
3744.0	1130.0	-567.5015258789062	289.0354919433594
3744.0	1132.0	-568.0980834960938	286.8226013183594
3744.0	1139.0	-562.8311767578125	288.0370788574219
3744.0	1135.0	-565.9002075195312	286.75506591796875
3744.0	1141.0	-565.4871826171875	287.6648864746094
3768.0	0.0	-565.3349609375	284.849365234375
3768.0	1121.0	-564.5681762695312	287.705810546875
3768.0	1130.0	-567.1094360351562	289.3282775878906
3768.0	1132.0	-568.102294921875	286.905029296875
3768.0	1139.0	-562.8274536132812	288.2428283691406
3768.0	1135.0	-565.7318115234375	286.8882751464844
3768.0	1141.0	-565.1912231445312	287.67730712890625
3792.0	0.0	-565.3349609375	284.8492431640625
3792.0	1121.0	-564.4891967773438	288.8216857910156
3792.0	1130.0	-566.5294799804688	289.2430725097656
3792.0	1132.0	-567.7304077148438	286.7881164550781
3792.0	1139.0	-562.8619995117188	288.502197265625
3792.0	1135.0	-565.5620727539062	286.8435974121094
3792.0	1145.0	-565.193603515625	287.3478088378906
3792.0	1146.0	-562.6724243164062	283.2314147949219
3792.0	1144.0	-567.2982788085938	287.2295227050781
3816.0	0.0	-565.3349609375	284.8492126464844
3816.0	1130.0	-565.9187622070312	289.1793518066406
3816.0	1132.0	-567.7578735351562	286.8770446777344
3816.0	1139.0	-562.8651123046875	288.6863098144531
3816.0	1144.0	-568.1333618164062	288.6934509277344
3816.0	1147.0	-566.7261962890625	288.1146545410156
3816.0	1121.0	-564.0965576171875	288.5635986328125
3840.0	0.0	-565.3350219726562	284.8490905761719
3840.0	1130.0	-565.2658081054688	294.5755920410156
3840.0	1132.0	-567.7125854492188	286.9331359863281
3840.0	1144.0	-568.0851440429688	289.1609802246094
3840.0	1147.0	-566.5971069335938	287.7457275390625
3840.0	1121.0	-563.6683959960938	288.394287109375
3840.0	1149.0	-566.4906616210938	288.76031494140625
3840.0	1150.0	-564.9153442382812	286.7997131347656
3864.0	0.0	-565.3350219726562	284.8490905761719
3864.0	1130.0	-564.8431396484375	289.9647216796875
3864.0	1132.0	-567.8167114257812	287.03253173828125
3864.0	1144.0	-566.8546752929688	287.64422607421875
3864.0	1121.0	-563.3961181640625	288.046630859375
3864.0	1149.0	-566.2794189453125	287.7637023925781
3864.0	1150.0	-564.6243896484375	286.8857421875
3864.0	1151.0	-560.9924926757812	288.9765319824219
3888.0	0.0	-565.3350219726562	284.8490905761719
3888.0	1130.0	-564.7689819335938	287.0462341308594
3888.0	1132.0	-567.7513427734375	287.0426330566406
3888.0	1144.0	-566.7329711914062	287.9366760253906
3888.0	1149.0	-566.195556640625	287.5598449707031
3888.0	1150.0	-564.3463745117188	286.8073425292969
3888.0	1121.0	-562.7662353515625	288.2190246582031
3912.0	0.0	-565.3350219726562	284.8490905761719
3912.0	1130.0	-564.4055786132812	287.55340576171875
3912.0	1132.0	-567.7738647460938	287.0564880371094
3912.0	1144.0	-566.4652099609375	287.8743896484375
3912.0	1150.0	-564.1006469726562	286.7250671386719
3912.0	1152.0	-565.6348266601562	290.5243225097656
3912.0	1121.0	-562.2628173828125	288.22869873046875
3912.0	1153.0	-567.2435302734375	287.13763427734375
3936.0	0.0	-565.3350219726562	284.8490905761719
3936.0	1130.0	-564.323974609375	287.5239562988281
3936.0	1132.0	-567.7861328125	287.0727233886719
3936.0	1144.0	-566.3402709960938	287.89288330078125
3936.0	1150.0	-564.0394287109375	286.7223815917969
3936.0	1152.0	-565.5554809570312	287.556396484375
3936.0	1153.0	-567.2145385742188	287.1563415527344
3960.0	0.0	-565.3350219726562	284.84906005859375
3960.0	1130.0	-564.3418579101562	287.16253662109375
3960.0	1132.0	-567.7186889648438	287.01312255859375
3960.0	1144.0	-566.1917724609375	287.8631896972656
3960.0	1150.0	-563.93798828125	286.7283630371094
3960.0	1152.0	-565.5968627929688	287.4093322753906
3960.0	1153.0	-567.162109375	287.1925048828125
3960.0	1121.0	-561.948486328125	288.235595703125
3984.0	0.0	-565.3350219726562	284.8489990234375
3984.0	1130.0	-564.1256713867188	287.0958251953125
3984.0	1132.0	-567.6607055664062	286.9671325683594
3984.0	1144.0	-565.9052124023438	287.8793640136719
3984.0	1150.0	-561.6596069335938	289.1430969238281
3984.0	1153.0	-567.0934448242188	287.2145690917969
3984.0	1154.0	-566.9321899414062	287.7724304199219
4008.0	0.0	-565.3350219726562	284.848876953125
4008.0	1132.0	-567.5687866210938	286.9516296386719
4008.0	1144.0	-565.3551025390625	287.4652099609375
4008.0	1150.0	-561.4019165039062	288.622314453125
4008.0	1154.0	-566.9380493164062	287.48089599609375
4008.0	1155.0	-566.4866943359375	287.603759765625
4008.0	1157.0	-566.4976196289062	291.1596984863281
4008.0	1130.0	-563.776123046875	287.03814697265625
4032.0	0.0	-565.3350219726562	284.8488464355469
4032.0	1132.0	-567.5574951171875	286.9461669921875
4032.0	1144.0	-565.2408447265625	287.8852233886719
4032.0	1150.0	-563.2047119140625	286.7293395996094
4032.0	1154.0	-566.81103515625	287.17120361328125
4032.0	1155.0	-566.4362182617188	287.3842468261719
4032.0	1157.0	-566.2379150390625	294.5673522949219
4032.0	1130.0	-563.5718383789062	287.1356201171875
4032.0	1158.0	-563.2183837890625	289.7178955078125
4056.0	0.0	-565.3350219726562	284.8488464355469
4056.0	1132.0	-567.6561889648438	286.97467041015625
4056.0	1154.0	-566.8881225585938	286.8139953613281
4056.0	1155.0	-566.483154296875	287.083740234375
4056.0	1157.0	-565.0469360351562	288.1397399902344
4056.0	1130.0	-563.2981567382812	287.0643615722656
4056.0	1158.0	-564.269287109375	287.20989990234375
4056.0	1150.0	-560.552001953125	288.48309326171875
4080.0	0.0	-565.3350830078125	284.8486633300781
4080.0	1132.0	-566.7391967773438	286.12396240234375
4080.0	1154.0	-566.6273193359375	286.32684326171875
4080.0	1155.0	-566.3121948242188	286.5927429199219
4080.0	1157.0	-564.0159912109375	294.51458740234375
4080.0	1130.0	-562.8894653320312	287.3574523925781
4080.0	1144.0	-564.4738159179688	288.1208190917969
4104.0	0.0	-565.3350830078125	284.8485412597656
4104.0	1154.0	-566.666748046875	285.7494812011719
4104.0	1155.0	-566.1683959960938	285.8976745605469
4104.0	1144.0	-563.625244140625	287.9476013183594
4104.0	1160.0	-563.4535522460938	289.8152770996094
4104.0	1161.0	-563.4893798828125	287.2053527832031
4104.0	1162.0	-566.5337524414062	288.2446594238281
4128.0	0.0	-565.3350830078125	284.8486328125
4128.0	1154.0	-568.275634765625	285.8828125
4128.0	1155.0	-566.2388916015625	285.5331726074219
4128.0	1163.0	-567.74658203125	291.52044677734375
4152.0	0.0	-565.3350830078125	284.84857177734375
4152.0	1155.0	-568.217041015625	286.0260009765625
4152.0	1163.0	-566.9716186523438	291.4682312011719
4152.0	1165.0	-563.2720336914062	289.67535400390625
4152.0	1166.0	-567.7030639648438	287.0855407714844
4152.0	1167.0	-562.9456787109375	287.1324462890625
4176.0	0.0	-565.3351440429688	284.848388671875
4176.0	1155.0	-568.2086791992188	285.42376708984375
4176.0	1163.0	-566.9910888671875	294.55712890625
4176.0	1165.0	-563.2322998046875	289.63140869140625
4176.0	1166.0	-567.6766357421875	287.0581359863281
4176.0	1167.0	-563.067626953125	286.76953125
4176.0	1154.0	-566.283447265625	284.7664794921875
4200.0	0.0	-565.3351440429688	284.8482971191406
4200.0	1155.0	-566.3783569335938	284.6991882324219
4200.0	1163.0	-566.1892700195312	294.56719970703125
4200.0	1165.0	-563.2210693359375	289.6459655761719
4200.0	1166.0	-567.6663208007812	287.0427551269531
4200.0	1167.0	-563.3237915039062	286.3885498046875
4200.0	1168.0	-567.7646484375	291.22027587890625
4200.0	1169.0	-562.7540893554688	288.99603271484375
4224.0	0.0	-565.3351440429688	284.8482666015625
4224.0	1155.0	-566.4879760742188	284.3644104003906
4224.0	1163.0	-565.3488159179688	294.5769958496094
4224.0	1165.0	-563.2582397460938	289.6925964355469
4224.0	1166.0	-567.6683349609375	287.0289611816406
4224.0	1167.0	-563.629638671875	286.02642822265625
4224.0	1169.0	-562.671630859375	288.97454833984375
4224.0	1168.0	-567.5940551757812	293.86968994140625
4248.0	0.0	-565.3351440429688	284.8482666015625
4248.0	1163.0	-564.5496826171875	294.54852294921875
4248.0	1165.0	-563.240478515625	289.7354736328125
4248.0	1166.0	-567.680419921875	287.0276794433594
4248.0	1167.0	-563.9755859375	285.73602294921875
4248.0	1169.0	-562.6474609375	289.004150390625
4272.0	0.0	-565.3351440429688	284.8482666015625
4272.0	1163.0	-564.6485595703125	288.2103576660156
4272.0	1165.0	-563.9334716796875	288.07220458984375
4272.0	1166.0	-567.684814453125	287.0259094238281
4272.0	1167.0	-564.032958984375	285.38116455078125
4272.0	1169.0	-562.622802734375	289.014404296875
4272.0	1175.0	-566.2067260742188	294.567626953125
4296.0	0.0	-565.3351440429688	284.84820556640625
4296.0	1163.0	-564.40087890625	288.3243103027344
4296.0	1165.0	-563.988525390625	287.8822937011719
4296.0	1166.0	-567.6348266601562	287.0324401855469
4296.0	1167.0	-564.0466918945312	285.1265563964844
4296.0	1169.0	-562.63037109375	288.9906005859375
4296.0	1175.0	-565.1396484375	294.572998046875
4296.0	1178.0	-561.2189331054688	288.4372253417969
4320.0	0.0	-565.3351440429688	284.8482360839844
4320.0	1163.0	-564.0751342773438	288.22418212890625
4320.0	1166.0	-567.7271118164062	287.0771789550781
4320.0	1167.0	-557.7467651367188	284.5230712890625
4320.0	1169.0	-563.3406372070312	287.921142578125
4320.0	1179.0	-567.241943359375	287.22076416015625
4344.0	0.0	-565.3351440429688	284.84814453125
4344.0	1163.0	-563.7960205078125	288.0997314453125
4344.0	1166.0	-567.686767578125	287.0733947753906
4344.0	1167.0	-564.0005493164062	284.28643798828125
4344.0	1169.0	-563.4540405273438	287.7514953613281
4344.0	1179.0	-567.4644165039062	288.22418212890625
4344.0	1181.0	-562.9548950195312	294.419189453125
4368.0	0.0	-565.3351440429688	284.8480529785156
4368.0	1163.0	-563.530517578125	287.9068298339844
4368.0	1166.0	-567.7171630859375	287.0964050292969
4368.0	1179.0	-566.96923828125	288.19091796875
4368.0	1167.0	-558.0982055664062	279.8931579589844
4368.0	1181.0	-563.3126220703125	289.99615478515625
4392.0	0.0	-565.3351440429688	284.8480529785156
4392.0	1163.0	-563.2275390625	287.8052978515625
4392.0	1166.0	-567.750244140625	287.1341247558594
4392.0	1179.0	-566.7015991210938	288.17333984375
4392.0	1167.0	-558.2974243164062	277.44610595703125
4392.0	1184.0	-568.0596313476562	289.4263610839844
4416.0	0.0	-565.3351440429688	284.8481140136719
4416.0	1163.0	-562.947998046875	287.8193664550781
4416.0	1166.0	-567.691162109375	287.0948181152344
4416.0	1179.0	-566.118408203125	287.32061767578125
4416.0	1185.0	-563.1947021484375	290.01458740234375
4440.0	0.0	-565.335205078125	284.8480224609375
4440.0	1166.0	-567.6654052734375	287.0494079589844
4440.0	1179.0	-565.8359985351562	287.3937072753906
4440.0	1185.0	-563.1552124023438	290.0162353515625
4440.0	1184.0	-567.740478515625	291.343994140625
4440.0	1186.0	-562.8580932617188	288.98895263671875
4440.0	1163.0	-562.6455688476562	287.7319030761719
4464.0	0.0	-565.335205078125	284.8479309082031
4464.0	1166.0	-567.6168212890625	287.0481262207031
4464.0	1179.0	-565.5376586914062	287.19598388671875
4464.0	1184.0	-566.1632690429688	287.961181640625
4464.0	1186.0	-562.8504638671875	289.007568359375
4464.0	1163.0	-562.3787231445312	287.67901611328125
4488.0	0.0	-565.3351440429688	284.8480529785156
4488.0	1166.0	-567.5840454101562	287.05047607421875
4488.0	1179.0	-565.365966796875	287.0927734375
4488.0	1184.0	-565.8768920898438	287.6278991699219
4488.0	1186.0	-562.8984375	288.9664611816406
4488.0	1163.0	-562.0685424804688	287.6983642578125
4488.0	1187.0	-563.0991821289062	289.87213134765625
4512.0	0.0	-565.3351440429688	284.8481750488281
4512.0	1166.0	-567.6066284179688	287.0445251464844
4512.0	1179.0	-565.0574951171875	287.06207275390625
4512.0	1184.0	-565.7012939453125	287.4005126953125
4512.0	1163.0	-561.81689453125	287.7069396972656
4512.0	1187.0	-563.0993041992188	289.8021545410156
4536.0	0.0	-565.3351440429688	284.84808349609375
4536.0	1166.0	-567.6038818359375	287.0414733886719
4536.0	1179.0	-564.8660888671875	286.9923400878906
4536.0	1184.0	-565.6123657226562	287.26287841796875
4536.0	1163.0	-561.5499267578125	287.775634765625
4536.0	1187.0	-564.47802734375	286.7830505371094
4536.0	1189.0	-562.8041381835938	288.8027648925781
4560.0	0.0	-565.3351440429688	284.84808349609375
4560.0	1166.0	-567.6068115234375	287.0356140136719
4560.0	1179.0	-564.6661376953125	286.6260681152344
4560.0	1184.0	-565.4393310546875	287.22454833984375
4560.0	1189.0	-563.9994506835938	286.8847961425781
4584.0	0.0	-565.3351440429688	284.8480529785156
4584.0	1166.0	-567.6060791015625	287.0420837402344
4584.0	1179.0	-564.605224609375	286.52313232421875
4584.0	1184.0	-565.3137817382812	287.1947326660156
4584.0	1189.0	-564.2861328125	286.43035888671875
4608.0	0.0	-565.3351440429688	284.84814453125
4608.0	1166.0	-567.5374755859375	287.03515625
4608.0	1179.0	-564.48974609375	286.574951171875
4608.0	1184.0	-565.0730590820312	286.96099853515625
4608.0	1183.0	-563.3270263671875	282.9349670410156
4608.0	1192.0	-559.357421875	282.2978820800781
4632.0	0.0	-565.3351440429688	284.84814453125
4632.0	1166.0	-567.6075439453125	287.0406799316406
4632.0	1179.0	-564.4054565429688	286.6148376464844
4632.0	1184.0	-564.9241943359375	286.9575500488281
4632.0	1183.0	-562.7250366210938	282.9700927734375
4632.0	1193.0	-567.16064453125	287.25628662109375
4656.0	0.0	-565.3351440429688	284.8481140136719
4656.0	1166.0	-567.6288452148438	287.0588684082031
4656.0	1179.0	-564.3722534179688	286.6025085449219
4656.0	1184.0	-564.748779296875	287.00103759765625
4656.0	1193.0	-567.10009765625	287.6122131347656
4680.0	0.0	-565.3351440429688	284.8481140136719
4680.0	1166.0	-568.0315551757812	287.5684509277344
4680.0	1179.0	-564.3433837890625	286.6230163574219
4680.0	1184.0	-564.691650390625	287.0395202636719
4680.0	1193.0	-568.0203247070312	289.7892761230469
4680.0	1194.0	-561.4603271484375	283.0989685058594
4704.0	0.0	-565.3351440429688	284.8480529785156
4704.0	1166.0	-567.9876708984375	287.6385498046875
4704.0	1179.0	-564.3515014648438	286.6160583496094
4704.0	1184.0	-564.7036743164062	286.98406982421875
4704.0	1193.0	-567.8967895507812	290.4317932128906
4704.0	1194.0	-560.913818359375	283.001953125
4704.0	1191.0	-562.4711303710938	281.65496826171875
4728.0	0.0	-565.335205078125	284.8479919433594
4728.0	1166.0	-567.6506958007812	287.74896240234375
4728.0	1179.0	-564.3252563476562	286.65399169921875
4728.0	1184.0	-564.7680053710938	286.94757080078125
4728.0	1193.0	-565.7481079101562	286.47003173828125
4728.0	1191.0	-562.1783447265625	281.8765869140625
4728.0	1194.0	-560.2094116210938	283.0124206542969
4752.0	0.0	-565.335205078125	284.8480224609375
4752.0	1166.0	-567.4699096679688	287.9894104003906
4752.0	1179.0	-564.3597412109375	286.6490173339844
4752.0	1184.0	-565.0189208984375	286.1188049316406
4752.0	1193.0	-565.8397827148438	294.5715637207031
4752.0	1191.0	-561.897216796875	282.0489501953125
4776.0	0.0	-565.335205078125	284.8480224609375
4776.0	1166.0	-568.068359375	289.4200439453125
4776.0	1179.0	-564.8358764648438	285.7783203125
4776.0	1193.0	-564.928466796875	286.9348449707031
4776.0	1191.0	-561.5465087890625	282.13262939453125
4800.0	0.0	-565.335205078125	284.8480224609375
4800.0	1166.0	-568.0331420898438	289.7122802734375
4800.0	1193.0	-564.1535034179688	286.48297119140625
4800.0	1195.0	-564.902587890625	286.9356384277344
4800.0	1179.0	-564.3812255859375	286.6073303222656
4824.0	0.0	-565.335205078125	284.84796142578125
4824.0	1166.0	-568.00634765625	289.96929931640625
4824.0	1193.0	-564.0230102539062	285.4830627441406
4824.0	1195.0	-564.8959350585938	286.9540710449219
4824.0	1197.0	-564.3330688476562	286.68560791015625
4824.0	1191.0	-560.9237670898438	282.4580078125
4824.0	1198.0	-559.3303833007812	285.2324523925781
4848.0	0.0	-565.335205078125	284.847900390625
4848.0	1166.0	-567.9949951171875	290.2525939941406
4848.0	1195.0	-564.8900756835938	286.9766540527344
4848.0	1197.0	-564.330810546875	286.6820068359375
4848.0	1191.0	-560.5382690429688	282.5912780761719
4848.0	1193.0	-563.6185913085938	285.1304626464844
4872.0	0.0	-565.335205078125	284.84796142578125
4872.0	1166.0	-567.9830322265625	290.3848571777344
4872.0	1195.0	-564.873046875	286.9810485839844
4872.0	1197.0	-564.328857421875	286.70440673828125
4872.0	1191.0	-560.2158813476562	282.5899658203125
4872.0	1193.0	-559.3186645507812	284.931396484375
4896.0	0.0	-565.335205078125	284.8479309082031
4896.0	1166.0	-567.8976440429688	290.4249572753906
4896.0	1195.0	-564.8556518554688	286.9872131347656
4896.0	1197.0	-564.3242797851562	286.7065124511719
4896.0	1191.0	-559.94189453125	282.705810546875
4896.0	1193.0	-562.6115112304688	284.5531311035156
4920.0	0.0	-565.335205078125	284.8479309082031
4920.0	1195.0	-564.8446655273438	286.9866638183594
4920.0	1197.0	-564.3201293945312	286.70416259765625
4920.0	1191.0	-562.4712524414062	283.829833984375
4920.0	1166.0	-567.833251953125	290.46881103515625
4944.0	0.0	-565.335205078125	284.847900390625
4944.0	1195.0	-564.8482055664062	286.9874267578125
4944.0	1197.0	-564.3195190429688	286.7015380859375
4944.0	1201.0	-559.7009887695312	289.3737487792969
4944.0	1203.0	-559.3389282226562	285.24005126953125
4944.0	1191.0	-561.9534912109375	283.75006103515625
4944.0	1166.0	-567.826416015625	290.47393798828125
4968.0	0.0	-565.335205078125	284.8478698730469
4968.0	1195.0	-564.8475341796875	286.99920654296875
4968.0	1197.0	-564.3182373046875	286.69390869140625
4968.0	1201.0	-559.6950073242188	289.3758239746094
4968.0	1203.0	-559.34326171875	285.2448425292969
4992.0	0.0	-565.335205078125	284.84783935546875
4992.0	1195.0	-564.8499145507812	286.98980712890625
4992.0	1197.0	-564.3164672851562	286.6952819824219
4992.0	1201.0	-559.6669921875	289.3729248046875
4992.0	1203.0	-559.34326171875	285.2451171875
5016.0	0.0	-565.335205078125	284.847900390625
5016.0	1195.0	-564.8500366210938	286.9938659667969
5016.0	1197.0	-564.3173217773438	286.70263671875
5016.0	1201.0	-559.6443481445312	289.3379211425781
5016.0	1203.0	-559.3433227539062	285.24554443359375
5040.0	0.0	-565.335205078125	284.8478698730469
5040.0	1195.0	-564.8499755859375	286.9818420410156
5040.0	1197.0	-564.312744140625	286.70465087890625
5040.0	1203.0	-559.3375854492188	285.2497863769531
5064.0	0.0	-565.335205078125	284.84796142578125
5064.0	1195.0	-564.8585205078125	286.9678649902344
5064.0	1197.0	-564.3082275390625	286.7044982910156
5064.0	1203.0	-559.3351440429688	285.2433166503906
5064.0	1206.0	-568.1423950195312	286.4566650390625
5088.0	0.0	-565.335205078125	284.8478698730469
5088.0	1195.0	-564.8636474609375	286.9410095214844
5088.0	1197.0	-564.2960815429688	286.6954040527344
5088.0	1208.0	-561.7898559570312	288.5518493652344
5088.0	1203.0	-559.3350830078125	285.242431640625
5112.0	0.0	-565.335205078125	284.8479919433594
5112.0	1195.0	-564.8535766601562	286.93475341796875
5112.0	1197.0	-564.3011474609375	286.6937255859375
5112.0	1203.0	-559.344482421875	285.2333679199219
5136.0	0.0	-565.335205078125	284.8480224609375
5136.0	1195.0	-564.8446044921875	286.9327392578125
5136.0	1197.0	-564.3099365234375	286.69573974609375
5136.0	1203.0	-559.3265380859375	285.2352600097656
5136.0	1211.0	-560.9666748046875	288.46435546875
5160.0	0.0	-565.3351440429688	284.8481140136719
5160.0	1195.0	-564.8436279296875	286.93658447265625
5160.0	1197.0	-564.3062133789062	286.70062255859375
5160.0	1203.0	-559.3267822265625	285.2393798828125
5160.0	1212.0	-567.0038452148438	288.03509521484375
5184.0	0.0	-565.3351440429688	284.8481140136719
5184.0	1195.0	-564.8445434570312	286.94287109375
5184.0	1197.0	-564.30517578125	286.7030334472656
5184.0	1200.0	-563.1531372070312	282.541015625
5184.0	1203.0	-559.331298828125	285.2466735839844
5184.0	1212.0	-566.8081665039062	287.84521484375
5184.0	1214.0	-566.0299682617188	287.93646240234375
5184.0	1215.0	-559.5884399414062	289.3900451660156
5208.0	0.0	-565.3351440429688	284.8480529785156
5208.0	1195.0	-564.8475341796875	286.95819091796875
5208.0	1197.0	-564.3027954101562	286.7078857421875
5208.0	1200.0	-563.0247802734375	282.6958923339844
5208.0	1203.0	-559.328857421875	285.2401123046875
5208.0	1212.0	-567.7755126953125	290.909912109375
5208.0	1214.0	-565.873779296875	287.8050231933594
5208.0	1215.0	-559.6045532226562	289.4103698730469
5232.0	0.0	-565.335205078125	284.8480224609375
5232.0	1195.0	-564.87646484375	286.933837890625
5232.0	1197.0	-564.3025512695312	286.71746826171875
5232.0	1212.0	-567.6311645507812	293.0803527832031
5232.0	1215.0	-559.6043090820312	289.3745422363281
5232.0	1200.0	-562.9252319335938	282.99249267578125
5232.0	1214.0	-565.6983642578125	287.680908203125
5232.0	1203.0	-559.3427734375	285.2381286621094
5256.0	0.0	-565.335205078125	284.8480529785156
5256.0	1195.0	-564.8657836914062	286.9396667480469
5256.0	1197.0	-564.3093872070312	286.7075500488281
5256.0	1212.0	-566.2449951171875	294.56982421875
5256.0	1215.0	-559.586669921875	289.390869140625
5256.0	1200.0	-562.8309936523438	283.1752014160156
5280.0	0.0	-565.335205078125	284.84796142578125
5280.0	1195.0	-564.8616333007812	286.96258544921875
5280.0	1197.0	-564.3148803710938	286.6938781738281
5280.0	1215.0	-559.6133422851562	289.39874267578125
5280.0	1200.0	-562.64599609375	283.3310241699219
5280.0	1212.0	-565.0112915039062	290.6080017089844
5304.0	0.0	-565.335205078125	284.847900390625
5304.0	1195.0	-564.8591918945312	286.9320068359375
5304.0	1197.0	-564.3084716796875	286.69482421875
5304.0	1215.0	-559.601806640625	289.438720703125
5304.0	1200.0	-562.5399169921875	283.54144287109375
5304.0	1216.0	-566.108154296875	291.9307861328125
5304.0	1217.0	-565.4509887695312	294.5714416503906
5328.0	0.0	-565.335205078125	284.8478698730469
5328.0	1195.0	-564.8543090820312	286.9168701171875
5328.0	1197.0	-564.3090209960938	286.6996765136719
5328.0	1215.0	-559.629638671875	289.4732360839844
5328.0	1200.0	-562.4345092773438	283.78424072265625
5328.0	1216.0	-566.53857421875	292.05096435546875
5328.0	1217.0	-565.117919921875	294.5755310058594
5328.0	1218.0	-562.3217163085938	283.23846435546875
5352.0	0.0	-565.335205078125	284.8479309082031
5352.0	1195.0	-564.8479614257812	286.9093933105469
5352.0	1197.0	-564.31103515625	286.694580078125
5352.0	1215.0	-559.6170043945312	289.4703369140625
5352.0	1200.0	-562.1858520507812	283.9922790527344
5352.0	1216.0	-566.9723510742188	292.1269226074219
5352.0	1217.0	-565.0167236328125	294.57080078125
5352.0	1218.0	-562.4058837890625	283.42755126953125
5376.0	0.0	-565.335205078125	284.84796142578125
5376.0	1195.0	-564.84765625	286.89532470703125
5376.0	1197.0	-564.3092041015625	286.6936340332031
5376.0	1215.0	-562.1220703125	287.428955078125
5376.0	1200.0	-562.0166015625	284.2094421386719
5376.0	1218.0	-562.6219482421875	283.5737609863281
5376.0	1219.0	-563.84033203125	286.70111083984375
5400.0	0.0	-565.335205078125	284.8478698730469
5400.0	1195.0	-564.876708984375	286.8880310058594
5400.0	1197.0	-564.3043212890625	286.6931457519531
5400.0	1215.0	-561.88134765625	287.58892822265625
5400.0	1218.0	-562.9262084960938	283.78955078125
5400.0	1200.0	-561.8983764648438	284.4356689453125
5400.0	1219.0	-561.9197998046875	288.1712341308594
5424.0	0.0	-565.335205078125	284.847900390625
5424.0	1195.0	-564.8905029296875	286.8531799316406
5424.0	1197.0	-564.3076782226562	286.69732666015625
5424.0	1218.0	-563.0922241210938	283.98272705078125
5424.0	1200.0	-561.633056640625	284.6922912597656
5424.0	1219.0	-561.4880981445312	288.0341796875
5448.0	0.0	-565.335205078125	284.84796142578125
5448.0	1195.0	-564.8828735351562	286.8315124511719
5448.0	1197.0	-564.3092041015625	286.6952209472656
5448.0	1218.0	-563.1867065429688	284.12872314453125
5448.0	1200.0	-561.5044555664062	284.9917907714844
5472.0	0.0	-565.335205078125	284.8479919433594
5472.0	1195.0	-564.9185791015625	286.84930419921875
5472.0	1197.0	-564.3033447265625	286.697265625
5472.0	1218.0	-563.5403442382812	284.28668212890625
5472.0	1200.0	-561.36474609375	285.236572265625
5496.0	0.0	-565.335205078125	284.8479919433594
5496.0	1195.0	-564.9288330078125	286.8832092285156
5496.0	1197.0	-564.300048828125	286.6924743652344
5496.0	1218.0	-563.663818359375	284.464111328125
5496.0	1200.0	-563.08642578125	285.209228515625
5520.0	0.0	-565.335205078125	284.8480224609375
5520.0	1195.0	-564.9251708984375	286.914306640625
5520.0	1197.0	-564.3002319335938	286.6932678222656
5520.0	1218.0	-563.8816528320312	284.61993408203125
5520.0	1221.0	-559.5565795898438	289.40283203125
5544.0	0.0	-565.335205078125	284.8480224609375
5544.0	1195.0	-564.9225463867188	286.9237365722656
5544.0	1197.0	-564.2854614257812	286.7239685058594
5544.0	1218.0	-564.0520629882812	284.75860595703125
5544.0	1221.0	-559.6693725585938	289.31103515625
