168.0	0.0	-48.18740463256836	223.85601806640625
192.0	0.0	-48.4128303527832	223.83456420898438
192.0	1218.0	-48.928367614746094	225.4745635986328
192.0	1223.0	-48.11634063720703	226.5137176513672
216.0	0.0	-48.697296142578125	223.8131866455078
216.0	1218.0	-50.81158447265625	232.52700805664062
216.0	1223.0	-48.207828521728516	226.48025512695312
240.0	0.0	-48.99714660644531	223.79043579101562
240.0	1218.0	-49.98456573486328	232.71597290039062
240.0	1223.0	-48.22786331176758	226.43743896484375
264.0	0.0	-49.224849700927734	223.7775115966797
264.0	1218.0	-48.73739242553711	228.12161254882812
288.0	0.0	-49.29344940185547	223.7831573486328
288.0	1218.0	-48.78366470336914	225.3798065185547
312.0	0.0	-49.337310791015625	223.79470825195312
312.0	1218.0	-48.752784729003906	225.36703491210938
336.0	0.0	-49.35808563232422	223.80433654785156
336.0	1218.0	-48.61519241333008	225.3742218017578
360.0	0.0	-49.36433029174805	223.8091278076172
360.0	1218.0	-47.98564147949219	226.37551879882812
384.0	0.0	-49.36539077758789	223.81033325195312
384.0	1218.0	-48.04307556152344	226.38006591796875
408.0	0.0	-49.36546325683594	223.8104705810547
408.0	1226.0	-45.39763259887695	222.8720703125
408.0	1227.0	-43.98707580566406	223.25979614257812
408.0	1218.0	-48.681705474853516	225.35531616210938
432.0	0.0	-49.36542510986328	223.8103790283203
432.0	1226.0	-45.21872329711914	223.3394012451172
432.0	1218.0	-48.880645751953125	225.44345092773438
432.0	1227.0	-40.31507873535156	223.89328002929688
456.0	0.0	-49.365421295166016	223.8103790283203
456.0	1226.0	-45.219974517822266	223.32838439941406
456.0	1218.0	-48.87809371948242	225.4488983154297
456.0	1227.0	-43.11442947387695	223.83872985839844
480.0	0.0	-49.36537170410156	223.81027221679688
480.0	1226.0	-45.233280181884766	223.31773376464844
480.0	1218.0	-48.87550735473633	225.44361877441406
480.0	1227.0	-40.3108024597168	223.81288146972656
504.0	0.0	-49.36540222167969	223.81033325195312
504.0	1226.0	-45.26514434814453	223.3126220703125
504.0	1218.0	-48.86707305908203	225.45176696777344
504.0	1227.0	-43.116355895996094	223.79429626464844
528.0	0.0	-49.365394592285156	223.81031799316406
528.0	1226.0	-45.313899993896484	223.3255615234375
528.0	1218.0	-48.856849670410156	225.5292205810547
528.0	1227.0	-43.11838150024414	223.7917938232422
552.0	0.0	-49.36542510986328	223.8103790283203
552.0	1226.0	-45.31627655029297	223.31442260742188
552.0	1218.0	-48.843971252441406	225.66506958007812
552.0	1227.0	-43.1164436340332	223.77711486816406
576.0	0.0	-49.365440368652344	223.81040954589844
576.0	1226.0	-45.37139129638672	223.2630615234375
576.0	1218.0	-48.88983154296875	225.73085021972656
576.0	1227.0	-43.106632232666016	223.75634765625
600.0	0.0	-49.36550521850586	223.81056213378906
600.0	1226.0	-45.371978759765625	223.2169647216797
600.0	1218.0	-48.96292495727539	225.76182556152344
600.0	1227.0	-43.07892608642578	223.7332305908203
600.0	1230.0	-47.7353401184082	225.86622619628906
624.0	0.0	-49.365543365478516	223.81063842773438
624.0	1226.0	-45.32337188720703	223.20436096191406
624.0	1218.0	-48.969566345214844	225.75717163085938
624.0	1227.0	-43.12089920043945	223.73886108398438
624.0	1230.0	-47.73135757446289	225.8886260986328
648.0	0.0	-49.36553192138672	223.81060791015625
648.0	1226.0	-45.321929931640625	223.21400451660156
648.0	1218.0	-48.96518325805664	225.78675842285156
648.0	1227.0	-40.31537628173828	223.7087860107422
672.0	0.0	-49.36544418334961	223.8104248046875
672.0	1226.0	-45.278438568115234	223.22073364257812
672.0	1218.0	-48.95298385620117	225.8044891357422
672.0	1227.0	-43.122806549072266	223.7415771484375
696.0	0.0	-49.36545181274414	223.81044006347656
696.0	1226.0	-45.16596221923828	223.18814086914062
696.0	1218.0	-48.953128814697266	225.7698974609375
696.0	1227.0	-40.3151741027832	223.7208251953125
720.0	0.0	-49.36546325683594	223.8104705810547
720.0	1226.0	-45.0180549621582	223.16319274902344
720.0	1218.0	-48.95492935180664	225.76417541503906
720.0	1227.0	-43.060760498046875	223.74513244628906
720.0	1231.0	-47.84402847290039	225.9208221435547
744.0	0.0	-49.36546325683594	223.8104705810547
744.0	1226.0	-44.00039291381836	222.9568634033203
744.0	1218.0	-48.94569396972656	225.7642364501953
744.0	1227.0	-43.08491516113281	223.73110961914062
744.0	1232.0	-49.241424560546875	229.0461883544922
744.0	1231.0	-47.856807708740234	225.9324188232422
768.0	0.0	-49.365474700927734	223.81048583984375
768.0	1226.0	-43.943214416503906	222.8585968017578
768.0	1218.0	-48.94999694824219	225.76516723632812
768.0	1227.0	-43.07675552368164	223.7456817626953
768.0	1232.0	-49.54730224609375	228.86642456054688
768.0	1231.0	-47.84062194824219	225.91342163085938
792.0	0.0	-49.36546325683594	223.8104705810547
792.0	1226.0	-43.94818115234375	222.87669372558594
792.0	1218.0	-48.935302734375	225.74972534179688
792.0	1227.0	-40.3131217956543	223.7342987060547
792.0	1232.0	-49.838417053222656	228.54214477539062
792.0	1231.0	-47.88825225830078	225.9447021484375
816.0	0.0	-49.36542510986328	223.81039428710938
816.0	1226.0	-45.003761291503906	223.06387329101562
816.0	1218.0	-48.92042541503906	225.75245666503906
816.0	1227.0	-43.088565826416016	223.7631378173828
816.0	1232.0	-50.138126373291016	228.22459411621094
816.0	1231.0	-47.864707946777344	225.91836547851562
816.0	1233.0	-49.125694274902344	228.60382080078125
840.0	0.0	-49.36537170410156	223.81027221679688
840.0	1226.0	-45.123756408691406	223.16908264160156
840.0	1218.0	-48.93097686767578	225.76490783691406
840.0	1227.0	-43.0886344909668	223.74661254882812
840.0	1232.0	-50.27852249145508	227.86402893066406
840.0	1233.0	-49.259735107421875	228.2819061279297
840.0	1231.0	-47.8487434387207	225.9043426513672
864.0	0.0	-49.36537551879883	223.81028747558594
864.0	1226.0	-45.18809509277344	223.2449951171875
864.0	1218.0	-48.93592834472656	225.75991821289062
864.0	1227.0	-43.09260940551758	223.75135803222656
864.0	1232.0	-50.33233642578125	227.45770263671875
864.0	1233.0	-49.38283920288086	227.91656494140625
864.0	1231.0	-47.885398864746094	225.92066955566406
888.0	0.0	-49.365413665771484	223.81036376953125
888.0	1226.0	-45.25160598754883	223.2921600341797
888.0	1218.0	-48.9508056640625	225.76522827148438
888.0	1227.0	-43.10454177856445	223.76263427734375
888.0	1232.0	-50.423831939697266	227.0745086669922
888.0	1233.0	-49.42170333862305	227.4938507080078
888.0	1231.0	-47.90287780761719	225.93528747558594
912.0	0.0	-49.36542510986328	223.81039428710938
912.0	1226.0	-45.42665481567383	223.33460998535156
912.0	1218.0	-48.94738006591797	225.7400665283203
912.0	1227.0	-40.308902740478516	223.80755615234375
912.0	1232.0	-50.43114471435547	226.67189025878906
912.0	1233.0	-49.510074615478516	227.08465576171875
912.0	1231.0	-47.828243255615234	225.87448120117188
936.0	0.0	-49.365421295166016	223.8103790283203
936.0	1226.0	-45.45535659790039	223.42108154296875
936.0	1218.0	-48.94833755493164	225.7301025390625
936.0	1227.0	-43.1104850769043	223.84719848632812
936.0	1232.0	-50.385833740234375	226.37290954589844
936.0	1233.0	-49.59189224243164	226.62013244628906
936.0	1231.0	-47.87715148925781	225.9026641845703
960.0	0.0	-49.36544418334961	223.8104248046875
960.0	1226.0	-45.534244537353516	223.4652099609375
960.0	1218.0	-48.943965911865234	225.73326110839844
960.0	1232.0	-50.22694396972656	225.97207641601562
960.0	1233.0	-49.59014129638672	226.12008666992188
960.0	1231.0	-47.84538269042969	225.8946075439453
984.0	0.0	-49.365413665771484	223.81036376953125
984.0	1226.0	-45.7674674987793	223.41635131835938
984.0	1218.0	-48.93882369995117	225.72796630859375
984.0	1232.0	-50.16584777832031	225.5999298095703
984.0	1233.0	-49.58503341674805	225.64268493652344
984.0	1231.0	-47.879302978515625	225.92376708984375
1008.0	0.0	-49.365421295166016	223.8103790283203
1008.0	1226.0	-45.91699981689453	223.31924438476562
1008.0	1218.0	-48.94644546508789	225.72967529296875
1008.0	1232.0	-50.114036560058594	225.32655334472656
1008.0	1233.0	-49.5651969909668	225.14993286132812
1008.0	1234.0	-43.122398376464844	223.79139709472656
1008.0	1235.0	-53.63370132446289	222.3312225341797
1008.0	1231.0	-47.82120132446289	225.8842010498047
1032.0	0.0	-49.365455627441406	223.81045532226562
1032.0	1226.0	-46.043766021728516	223.26998901367188
1032.0	1218.0	-48.95880889892578	225.74462890625
1032.0	1232.0	-50.07427215576172	225.03604125976562
1032.0	1233.0	-49.544891357421875	224.8253173828125
1032.0	1234.0	-43.076560974121094	223.76864624023438
1032.0	1235.0	-53.2474250793457	222.43820190429688
1056.0	0.0	-49.365455627441406	223.81045532226562
1056.0	1226.0	-46.13679885864258	223.2703857421875
1056.0	1218.0	-49.19194030761719	224.63522338867188
1056.0	1232.0	-50.128944396972656	224.872314453125
1056.0	1233.0	-49.44137954711914	224.55445861816406
1056.0	1234.0	-44.09225845336914	223.81809997558594
1056.0	1235.0	-52.78114700317383	222.56692504882812
1056.0	1231.0	-47.87217330932617	225.92613220214844
1080.0	0.0	-49.3654899597168	223.81051635742188
1080.0	1226.0	-46.20305252075195	223.2745819091797
1080.0	1232.0	-50.064823150634766	224.74896240234375
1080.0	1233.0	-48.866172790527344	228.54820251464844
1080.0	1234.0	-43.06704330444336	223.8979949951172
1080.0	1235.0	-52.439449310302734	222.58984375
1104.0	0.0	-49.36545181274414	223.81044006347656
1104.0	1226.0	-46.259891510009766	223.28614807128906
1104.0	1232.0	-49.8375244140625	224.66773986816406
1104.0	1233.0	-47.86471176147461	225.9404754638672
1104.0	1234.0	-43.056888580322266	223.8870849609375
1104.0	1235.0	-52.08597183227539	222.68020629882812
1104.0	1237.0	-48.956275939941406	225.73594665527344
1128.0	0.0	-49.365440368652344	223.81040954589844
1128.0	1226.0	-46.27634811401367	223.27279663085938
1128.0	1232.0	-49.98316192626953	227.83973693847656
1128.0	1233.0	-47.954654693603516	224.76547241210938
1128.0	1234.0	-44.53837203979492	223.8540802001953
1128.0	1235.0	-51.764892578125	222.6754150390625
1128.0	1239.0	-47.89500045776367	225.9541778564453
1152.0	0.0	-49.36540222167969	223.81033325195312
1152.0	1226.0	-46.28253936767578	223.27203369140625
1152.0	1232.0	-48.140586853027344	226.4150390625
1152.0	1233.0	-48.59510803222656	224.21875
1152.0	1234.0	-44.7287483215332	223.8866424560547
1152.0	1235.0	-51.38607406616211	222.7480926513672
1152.0	1240.0	-50.04188919067383	227.30662536621094
1176.0	0.0	-49.365394592285156	223.81031799316406
1176.0	1226.0	-46.28106689453125	223.279296875
1176.0	1232.0	-46.04316711425781	226.50030517578125
1176.0	1233.0	-48.25156021118164	224.2876739501953
1176.0	1234.0	-43.11100387573242	223.90090942382812
1176.0	1235.0	-51.03523635864258	222.835205078125
1176.0	1240.0	-49.976810455322266	226.76419067382812
1176.0	1241.0	-48.95439147949219	225.74560546875
1176.0	1242.0	-47.92074203491211	225.9739532470703
1200.0	0.0	-49.36543273925781	223.81039428710938
1200.0	1226.0	-46.280067443847656	223.28555297851562
1200.0	1232.0	-47.731903076171875	224.5799560546875
1200.0	1234.0	-43.126399993896484	223.80374145507812
1200.0	1235.0	-50.6785774230957	222.90310668945312
1200.0	1240.0	-50.04570007324219	226.36761474609375
1200.0	1241.0	-48.95067596435547	225.73878479003906
1200.0	1242.0	-47.90619659423828	225.9690704345703
1224.0	0.0	-49.3653564453125	223.81024169921875
1224.0	1226.0	-46.46723937988281	223.31854248046875
1224.0	1232.0	-47.0453987121582	224.51148986816406
1224.0	1234.0	-43.06267547607422	223.74440002441406
1224.0	1235.0	-50.29862594604492	223.0247802734375
1224.0	1240.0	-50.07388687133789	225.8372344970703
1224.0	1241.0	-48.94754409790039	225.73797607421875
1224.0	1242.0	-47.87801742553711	225.9423370361328
1248.0	0.0	-49.365333557128906	223.81019592285156
1248.0	1226.0	-46.46543884277344	223.32894897460938
1248.0	1232.0	-46.382694244384766	224.59344482421875
1248.0	1234.0	-46.315956115722656	223.7789306640625
1248.0	1235.0	-49.96119689941406	223.15467834472656
1248.0	1240.0	-50.05533218383789	225.42465209960938
1248.0	1241.0	-48.944732666015625	225.74136352539062
1248.0	1242.0	-47.875885009765625	225.9383544921875
1272.0	0.0	-49.365325927734375	223.8101806640625
1272.0	1226.0	-46.27418899536133	223.29550170898438
1272.0	1232.0	-45.92424011230469	224.50967407226562
1272.0	1234.0	-45.892372131347656	223.76669311523438
1272.0	1235.0	-49.68873596191406	223.18724060058594
1272.0	1240.0	-50.12744903564453	224.97955322265625
1272.0	1241.0	-48.94834518432617	225.73806762695312
1272.0	1242.0	-47.860836029052734	225.91055297851562
1296.0	0.0	-49.36533737182617	223.81019592285156
1296.0	1226.0	-46.268898010253906	223.29095458984375
1296.0	1232.0	-45.378570556640625	224.47230529785156
1296.0	1234.0	-45.45622253417969	223.76373291015625
1296.0	1240.0	-50.1521110534668	224.5083465576172
1296.0	1241.0	-48.94880294799805	225.7300567626953
1320.0	0.0	-49.36540603637695	223.8103485107422
1320.0	1226.0	-46.26068115234375	223.28012084960938
1320.0	1232.0	-43.32639694213867	224.62742614746094
1320.0	1234.0	-45.104129791259766	223.78504943847656
1320.0	1240.0	-50.47090530395508	224.26626586914062
1320.0	1241.0	-48.9468879699707	225.7277069091797
1344.0	0.0	-49.36545181274414	223.81044006347656
1344.0	1226.0	-48.69160842895508	223.6936798095703
1344.0	1234.0	-45.11499786376953	223.72264099121094
1344.0	1240.0	-50.7779655456543	223.90652465820312
1344.0	1241.0	-48.94732666015625	225.7217559814453
1344.0	1232.0	-43.29869842529297	224.376220703125
1368.0	0.0	-49.36545181274414	223.81044006347656
1368.0	1240.0	-51.25453186035156	223.42828369140625
1368.0	1241.0	-48.95347213745117	225.7149200439453
1392.0	0.0	-49.365474700927734	223.81048583984375
1392.0	1240.0	-51.62134552001953	223.0785675048828
1392.0	1241.0	-48.952571868896484	225.73312377929688
1392.0	1245.0	-47.86530303955078	224.24510192871094
1392.0	1246.0	-46.2834358215332	223.27896118164062
1392.0	1247.0	-43.10279083251953	223.74192810058594
1392.0	1248.0	-47.97967529296875	225.96485900878906
1416.0	0.0	-49.36545181274414	223.81044006347656
1416.0	1240.0	-52.034873962402344	222.84228515625
1416.0	1241.0	-48.95513916015625	225.7417755126953
1416.0	1245.0	-47.35858917236328	224.53915405273438
1416.0	1246.0	-46.514183044433594	223.32937622070312
1416.0	1247.0	-43.08290100097656	223.7311248779297
1416.0	1248.0	-47.98590087890625	225.96646118164062
1440.0	0.0	-49.36547088623047	223.81048583984375
1440.0	1240.0	-52.493106842041016	222.62860107421875
1440.0	1241.0	-48.95774459838867	225.74038696289062
1440.0	1245.0	-46.84276580810547	224.7602996826172
1440.0	1246.0	-46.515567779541016	223.33067321777344
1440.0	1247.0	-43.0549201965332	223.73341369628906
1440.0	1248.0	-47.9537239074707	225.98146057128906
1464.0	0.0	-49.36545944213867	223.81045532226562
1464.0	1240.0	-52.96461868286133	222.41722106933594
1464.0	1241.0	-48.949092864990234	225.73236083984375
1464.0	1245.0	-44.10477066040039	225.70169067382812
1464.0	1246.0	-46.514686584472656	223.335693359375
1464.0	1247.0	-43.118736267089844	223.74661254882812
1488.0	0.0	-49.36544418334961	223.8104248046875
1488.0	1240.0	-53.31571578979492	222.32774353027344
1488.0	1241.0	-48.954734802246094	225.73558044433594
1488.0	1245.0	-43.92982864379883	225.54006958007812
1488.0	1246.0	-46.54023742675781	223.34022521972656
1488.0	1247.0	-43.117130279541016	223.7146759033203
1488.0	1249.0	-47.996944427490234	225.9994659423828
1512.0	0.0	-49.36547088623047	223.81048583984375
1512.0	1240.0	-53.761085510253906	222.1373291015625
1512.0	1241.0	-48.956783294677734	225.73809814453125
1512.0	1246.0	-46.58213806152344	223.3475341796875
1512.0	1247.0	-40.30669021606445	223.64004516601562
1512.0	1249.0	-48.010536193847656	225.9773406982422
1512.0	1245.0	-43.57767105102539	225.20651245117188
1536.0	0.0	-49.365482330322266	223.8105010986328
1536.0	1240.0	-54.251609802246094	221.88128662109375
1536.0	1241.0	-48.9609489440918	225.74102783203125
1536.0	1246.0	-46.52519226074219	223.39700317382812
1536.0	1247.0	-44.960289001464844	223.77511596679688
1560.0	0.0	-49.365440368652344	223.81040954589844
1560.0	1241.0	-48.961692810058594	225.74720764160156
1584.0	0.0	-49.36536407470703	223.8102569580078
1584.0	1241.0	-48.96198272705078	225.74513244628906
1584.0	1246.0	-46.65891647338867	223.6328125
1608.0	0.0	-49.36540222167969	223.81033325195312
1608.0	1241.0	-48.95920944213867	225.74867248535156
1608.0	1246.0	-46.90223693847656	223.6060028076172
1608.0	1250.0	-48.0000114440918	225.97772216796875
1632.0	0.0	-49.365333557128906	223.81019592285156
1632.0	1241.0	-48.96023178100586	225.748779296875
1632.0	1246.0	-47.1151237487793	223.5358428955078
1656.0	0.0	-49.365333557128906	223.81019592285156
1656.0	1241.0	-48.957828521728516	225.7584228515625
1656.0	1246.0	-47.39437484741211	223.49693298339844
1680.0	0.0	-49.365333557128906	223.81019592285156
1680.0	1241.0	-48.953857421875	225.7698211669922
1680.0	1246.0	-47.52141571044922	223.43646240234375
1680.0	1251.0	-45.41079330444336	223.72805786132812
1704.0	0.0	-49.3653450012207	223.81021118164062
1704.0	1241.0	-48.95843505859375	225.7524871826172
1704.0	1251.0	-45.491172790527344	223.7124786376953
1704.0	1252.0	-47.97589111328125	225.9978790283203
1728.0	0.0	-49.36570358276367	223.81092834472656
1728.0	1241.0	-48.71887969970703	227.78628540039062
1728.0	1251.0	-44.89207077026367	223.93714904785156
1728.0	1252.0	-48.04793167114258	226.05862426757812
1728.0	1254.0	-50.84907531738281	229.1156768798828
1752.0	0.0	-49.36561965942383	223.8109130859375
1752.0	1241.0	-49.44997024536133	230.7073974609375
1752.0	1251.0	-43.370662689208984	224.8872833251953
1752.0	1252.0	-48.32867431640625	226.45361328125
1752.0	1255.0	-50.59067916870117	227.7140655517578
1752.0	1254.0	-50.9314079284668	227.04782104492188
1776.0	0.0	-49.36528778076172	223.8107452392578
1776.0	1241.0	-49.488040924072266	231.42263793945312
1776.0	1252.0	-48.343170166015625	226.4356689453125
1776.0	1255.0	-50.41543960571289	227.31378173828125
1776.0	1254.0	-50.8704948425293	226.75762939453125
1800.0	0.0	-49.35647201538086	223.80674743652344
1800.0	1241.0	-49.600704193115234	227.3500213623047
1800.0	1255.0	-50.45744323730469	226.79861450195312
1800.0	1254.0	-50.857025146484375	226.34803771972656
1824.0	0.0	-49.359012603759766	223.8068084716797
1824.0	1241.0	-49.5984001159668	226.94313049316406
1824.0	1255.0	-50.28807067871094	226.3773651123047
1824.0	1254.0	-50.87077331542969	226.27359008789062
1824.0	1252.0	-48.81410598754883	225.75033569335938
1848.0	0.0	-49.36170196533203	223.80657958984375
1848.0	1241.0	-49.71603775024414	226.4949493408203
1848.0	1255.0	-50.26154327392578	225.8787078857422
1848.0	1254.0	-51.02946090698242	226.1024169921875
1848.0	1252.0	-48.88620376586914	225.72283935546875
1872.0	0.0	-49.36179733276367	223.80654907226562
1872.0	1241.0	-48.87649917602539	229.62828063964844
1872.0	1255.0	-49.96980285644531	226.0693359375
1872.0	1254.0	-50.19550323486328	225.42405700683594
1896.0	0.0	-49.36177062988281	223.80654907226562
1896.0	1241.0	-48.87611389160156	228.5349578857422
1896.0	1255.0	-49.89628219604492	225.74038696289062
1896.0	1254.0	-50.16190719604492	225.02272033691406
1920.0	0.0	-49.36175537109375	223.8065643310547
1920.0	1241.0	-48.8791389465332	228.59556579589844
1920.0	1255.0	-49.92732620239258	225.49412536621094
1920.0	1254.0	-51.26959991455078	226.09046936035156
1944.0	0.0	-49.36189651489258	223.8065185546875
1944.0	1241.0	-48.89728546142578	228.53805541992188
1944.0	1255.0	-49.974937438964844	225.17965698242188
1944.0	1254.0	-52.30049514770508	225.9287567138672
1968.0	0.0	-49.36199188232422	223.80648803710938
1968.0	1241.0	-48.8946533203125	229.63356018066406
1968.0	1255.0	-50.003726959228516	225.03472900390625
1968.0	1254.0	-52.96692657470703	225.7613983154297
1992.0	0.0	-49.36207580566406	223.80645751953125
1992.0	1241.0	-49.22616195678711	225.23202514648438
1992.0	1255.0	-50.89993667602539	226.19239807128906
1992.0	1254.0	-50.70488739013672	224.06219482421875
2016.0	0.0	-49.36240768432617	223.80633544921875
2016.0	1255.0	-54.371463775634766	225.4763641357422
2016.0	1256.0	-49.609771728515625	225.63340759277344
2016.0	1257.0	-47.74964904785156	222.8892822265625
2016.0	1254.0	-51.45557403564453	222.99317932128906
2016.0	1241.0	-48.852848052978516	228.3175506591797
2040.0	0.0	-49.41497802734375	223.78750610351562
2040.0	1255.0	-51.25175094604492	223.8068084716797
2040.0	1256.0	-49.98369598388672	226.11209106445312
2040.0	1257.0	-47.760337829589844	222.89979553222656
2040.0	1254.0	-51.79275894165039	222.59022521972656
2040.0	1241.0	-49.311988830566406	224.7799072265625
2064.0	0.0	-49.634437561035156	223.6959991455078
2064.0	1255.0	-51.642398834228516	223.2796630859375
2064.0	1257.0	-47.80765914916992	222.84185791015625
2064.0	1254.0	-55.46958541870117	220.27883911132812
2064.0	1260.0	-49.73937225341797	225.30397033691406
2088.0	0.0	-49.90687561035156	223.5777130126953
2088.0	1255.0	-52.121009826660156	223.129150390625
2088.0	1254.0	-52.606170654296875	222.24057006835938
2088.0	1260.0	-50.02149963378906	225.7728271484375
2088.0	1263.0	-49.35708999633789	225.6503448486328
2112.0	0.0	-50.18455505371094	223.4720001220703
2112.0	1255.0	-52.55152893066406	223.11326599121094
2112.0	1254.0	-53.012508392333984	222.21591186523438
2112.0	1260.0	-50.114959716796875	226.35614013671875
2112.0	1263.0	-48.67852783203125	227.26766967773438
2136.0	0.0	-50.4653205871582	223.38014221191406
2136.0	1255.0	-52.951045989990234	222.86871337890625
2136.0	1254.0	-53.37224578857422	222.00216674804688
2136.0	1260.0	-50.2109489440918	227.04005432128906
2160.0	0.0	-50.736080169677734	223.29615783691406
2160.0	1255.0	-53.39005661010742	222.6802978515625
2160.0	1254.0	-53.7408332824707	221.87789916992188
2160.0	1260.0	-50.2997932434082	227.61265563964844
2184.0	0.0	-51.01560974121094	223.2141876220703
2184.0	1255.0	-53.7901496887207	222.60140991210938
2184.0	1254.0	-54.038795471191406	221.84426879882812
2184.0	1260.0	-50.341392517089844	228.27207946777344
2208.0	0.0	-51.295352935791016	223.1366424560547
2208.0	1255.0	-54.22187042236328	222.423095703125
2208.0	1254.0	-54.345272064208984	221.78372192382812
2208.0	1260.0	-50.81001281738281	226.0219268798828
2208.0	1264.0	-54.310420989990234	225.53773498535156
2208.0	1265.0	-55.56572341918945	223.76942443847656
2232.0	0.0	-51.5728759765625	223.06443786621094
2232.0	1255.0	-54.58948516845703	222.3558349609375
2232.0	1254.0	-54.63637161254883	221.6913604736328
2232.0	1260.0	-50.96923065185547	225.9908447265625
2232.0	1265.0	-55.53376007080078	223.8514404296875
2256.0	0.0	-51.8514289855957	223.0026397705078
2256.0	1255.0	-54.93859100341797	222.29598999023438
2256.0	1254.0	-55.014652252197266	221.5915985107422
2256.0	1260.0	-51.113407135009766	225.95704650878906
2280.0	0.0	-52.08985900878906	222.9596405029297
2280.0	1255.0	-55.17155456542969	222.0402069091797
2280.0	1254.0	-55.350250244140625	221.3994903564453
2304.0	0.0	-52.260520935058594	222.91465759277344
2304.0	1255.0	-55.6597785949707	221.25315856933594
2304.0	1254.0	-55.700836181640625	220.5716094970703
2328.0	0.0	-52.45176315307617	222.82882690429688
2328.0	1255.0	-56.12040328979492	221.30323791503906
2328.0	1254.0	-55.81618881225586	220.83448791503906
2352.0	0.0	-52.63471221923828	222.7391357421875
2352.0	1255.0	-55.99959182739258	221.55905151367188
2352.0	1254.0	-56.18244934082031	221.07740783691406
2352.0	1268.0	-55.54402160644531	223.81503295898438
2376.0	0.0	-52.75697708129883	222.66859436035156
2376.0	1255.0	-56.41740417480469	220.97674560546875
2376.0	1254.0	-55.82579040527344	220.86795043945312
2400.0	0.0	-52.8607292175293	222.58541870117188
2400.0	1255.0	-56.379005432128906	220.98109436035156
2400.0	1254.0	-55.822471618652344	220.88523864746094
2424.0	0.0	-52.88381576538086	222.56459045410156
2424.0	1255.0	-56.677494049072266	221.32418823242188
2424.0	1271.0	-56.75971984863281	221.7367706298828
2448.0	0.0	-52.883785247802734	222.5646209716797
2448.0	1255.0	-56.95342254638672	221.3211669921875
2448.0	1271.0	-57.02476119995117	221.72434997558594
2472.0	0.0	-52.88379669189453	222.56460571289062
2472.0	1255.0	-57.166263580322266	221.23094177246094
2472.0	1257.0	-51.168209075927734	222.3787841796875
2472.0	1273.0	-55.38465118408203	223.98916625976562
2472.0	1271.0	-57.246864318847656	221.66259765625
2496.0	0.0	-52.88379669189453	222.56460571289062
2496.0	1255.0	-57.41069030761719	221.14163208007812
2496.0	1257.0	-51.18193817138672	222.2705535888672
2496.0	1273.0	-55.384464263916016	223.98948669433594
2496.0	1271.0	-57.514320373535156	221.59339904785156
2520.0	0.0	-52.88381576538086	222.56459045410156
2520.0	1257.0	-51.18708801269531	222.16929626464844
2520.0	1271.0	-57.70730972290039	221.5297088623047
2544.0	0.0	-52.883750915527344	222.5646514892578
2544.0	1257.0	-51.178035736083984	222.14820861816406
2544.0	1273.0	-55.39140319824219	223.99322509765625
2544.0	1271.0	-57.86445617675781	221.49996948242188
2568.0	0.0	-52.883750915527344	222.5646514892578
2568.0	1257.0	-51.16526412963867	222.119140625
2568.0	1273.0	-55.38938903808594	223.99278259277344
2568.0	1271.0	-57.86552429199219	221.5253448486328
2568.0	1275.0	-57.60786437988281	221.0295867919922
2592.0	0.0	-52.88390350341797	222.56451416015625
2592.0	1257.0	-51.15276336669922	222.145263671875
2592.0	1273.0	-55.38275146484375	223.98855590820312
2592.0	1271.0	-57.854801177978516	221.52230834960938
2616.0	0.0	-52.88393783569336	222.56448364257812
2616.0	1257.0	-51.14732360839844	222.14317321777344
2616.0	1271.0	-57.84130859375	221.51588439941406
2616.0	1273.0	-55.383567810058594	223.99118041992188
2640.0	0.0	-52.884098052978516	222.5643310546875
2640.0	1257.0	-51.15000915527344	222.12472534179688
2640.0	1271.0	-57.837501525878906	221.52601623535156
2640.0	1273.0	-55.38751983642578	223.996337890625
2664.0	0.0	-52.88407516479492	222.56434631347656
2664.0	1257.0	-51.13755798339844	222.1104736328125
2664.0	1271.0	-57.84221649169922	221.49078369140625
2664.0	1278.0	-55.380882263183594	220.03590393066406
2664.0	1273.0	-55.39297866821289	223.99073791503906
2688.0	0.0	-52.88414001464844	222.56430053710938
2688.0	1257.0	-51.13783645629883	222.10964965820312
2688.0	1271.0	-57.86008071899414	221.48785400390625
2688.0	1278.0	-54.31438064575195	221.70257568359375
2712.0	0.0	-52.88421630859375	222.56422424316406
2712.0	1257.0	-51.12796401977539	222.11123657226562
2712.0	1278.0	-54.12209701538086	222.16001892089844
2712.0	1280.0	-53.867305755615234	225.52645874023438
2736.0	0.0	-52.88417434692383	222.56427001953125
2736.0	1257.0	-51.128448486328125	222.1092987060547
2736.0	1278.0	-53.89112091064453	222.6224365234375
2736.0	1281.0	-55.384910583496094	223.9969940185547
2736.0	1280.0	-53.86814880371094	225.52906799316406
2760.0	0.0	-52.88426208496094	222.56417846679688
2760.0	1257.0	-51.14591979980469	222.11766052246094
2760.0	1278.0	-55.48453903198242	223.32310485839844
2760.0	1282.0	-57.899627685546875	221.52943420410156
2784.0	0.0	-52.88434600830078	222.56410217285156
2784.0	1257.0	-51.16059112548828	222.1234130859375
2784.0	1278.0	-54.83592987060547	224.66336059570312
2784.0	1282.0	-57.879886627197266	221.54104614257812
2808.0	0.0	-52.88443374633789	222.56402587890625
2808.0	1257.0	-51.15480041503906	222.1227569580078
2808.0	1278.0	-54.068267822265625	225.52841186523438
2808.0	1282.0	-57.86981201171875	221.54110717773438
2832.0	0.0	-52.88822555541992	222.56063842773438
2832.0	1257.0	-51.16279983520508	222.10667419433594
2832.0	1282.0	-57.88982391357422	221.57716369628906
2832.0	1284.0	-55.37614059448242	224.01040649414062
2856.0	0.0	-52.9177360534668	222.53726196289062
2856.0	1257.0	-51.20361328125	221.91395568847656
2856.0	1282.0	-56.61308670043945	222.1650390625
2856.0	1285.0	-53.47400665283203	225.00648498535156
2880.0	0.0	-52.99516677856445	222.49229431152344
2880.0	1257.0	-51.23424530029297	221.8659210205078
2880.0	1282.0	-56.62518310546875	222.18209838867188
2880.0	1285.0	-53.46731185913086	225.01187133789062
2904.0	0.0	-53.145145416259766	222.4190216064453
2904.0	1282.0	-57.85505294799805	221.659912109375
2904.0	1285.0	-53.84788131713867	225.52720642089844
2928.0	0.0	-53.18143081665039	222.40220642089844
2928.0	1282.0	-57.80179214477539	221.42874145507812
2928.0	1285.0	-53.81135559082031	225.53317260742188
2928.0	1286.0	-55.34392166137695	224.04779052734375
2928.0	1288.0	-55.027305603027344	219.71490478515625
2952.0	0.0	-53.18416976928711	222.4009246826172
2952.0	1282.0	-57.82319641113281	221.43128967285156
2952.0	1285.0	-53.78264236450195	225.54359436035156
2952.0	1286.0	-55.3321418762207	224.0633544921875
2952.0	1288.0	-55.02960205078125	219.69961547851562
2976.0	0.0	-53.20703887939453	222.3903350830078
2976.0	1285.0	-53.78993225097656	225.5269775390625
2976.0	1286.0	-55.33783721923828	224.05967712402344
2976.0	1288.0	-55.052616119384766	219.7246551513672
2976.0	1282.0	-57.824893951416016	221.45782470703125
3000.0	0.0	-53.395660400390625	222.30096435546875
3000.0	1285.0	-53.99382019042969	225.5498046875
3000.0	1286.0	-55.45069122314453	223.91131591796875
3000.0	1288.0	-55.07518768310547	219.75067138671875
3024.0	0.0	-53.6595458984375	222.1753387451172
3024.0	1285.0	-53.97610092163086	225.51710510253906
3024.0	1286.0	-55.432708740234375	223.9079132080078
3024.0	1289.0	-56.35376739501953	220.94932556152344
3024.0	1290.0	-57.89760208129883	221.41099548339844
3048.0	0.0	-53.888023376464844	222.0856475830078
3048.0	1286.0	-55.141700744628906	224.193603515625
3048.0	1289.0	-57.634056091308594	220.9412384033203
3048.0	1290.0	-56.573509216308594	221.97286987304688
3072.0	0.0	-54.12696075439453	222.02330017089844
3072.0	1286.0	-55.24189758300781	224.0946502685547
3072.0	1289.0	-57.3963623046875	220.68576049804688
3072.0	1290.0	-57.841552734375	221.56683349609375
3072.0	1285.0	-53.65413284301758	225.48098754882812
3096.0	0.0	-54.31387710571289	221.96707153320312
3096.0	1286.0	-55.38331985473633	223.8643798828125
3096.0	1289.0	-56.094818115234375	220.885009765625
3096.0	1290.0	-59.83232116699219	220.4580841064453
3096.0	1285.0	-54.04548263549805	225.46560668945312
3120.0	0.0	-54.439815521240234	221.91661071777344
3120.0	1289.0	-56.32726287841797	220.79469299316406
3120.0	1290.0	-59.807857513427734	220.494384765625
3120.0	1286.0	-55.34001922607422	223.9025421142578
3144.0	0.0	-54.52253341674805	221.87879943847656
3144.0	1289.0	-56.4169807434082	220.8565216064453
3144.0	1290.0	-57.88664627075195	221.0673065185547
3144.0	1286.0	-55.25059127807617	223.9799346923828
3144.0	1292.0	-55.18251419067383	219.81068420410156
3168.0	0.0	-54.55548858642578	221.86297607421875
3168.0	1289.0	-56.865352630615234	220.6998748779297
3168.0	1290.0	-57.928916931152344	221.06912231445312
3168.0	1292.0	-55.186161041259766	219.83441162109375
3168.0	1293.0	-55.183380126953125	224.0341796875
3192.0	0.0	-54.561485290527344	221.86004638671875
3192.0	1289.0	-56.769126892089844	220.77330017089844
3192.0	1290.0	-57.942359924316406	221.155517578125
3192.0	1292.0	-55.180137634277344	219.83055114746094
3216.0	0.0	-54.56138229370117	221.86009216308594
3216.0	1289.0	-56.7686767578125	220.772705078125
3216.0	1290.0	-57.97231674194336	221.20394897460938
3216.0	1292.0	-55.187381744384766	219.8286895751953
3240.0	0.0	-54.56131362915039	221.86012268066406
3240.0	1289.0	-56.79433059692383	220.76187133789062
3240.0	1290.0	-57.992794036865234	221.23780822753906
3240.0	1292.0	-55.189456939697266	219.8293914794922
3264.0	0.0	-54.561275482177734	221.8601531982422
3264.0	1289.0	-56.793304443359375	220.75994873046875
3264.0	1290.0	-58.03508758544922	221.30796813964844
3264.0	1292.0	-55.185096740722656	219.83229064941406
3288.0	0.0	-54.56138229370117	221.86009216308594
3288.0	1289.0	-56.76709747314453	220.76954650878906
3288.0	1290.0	-58.245880126953125	221.23338317871094
3288.0	1292.0	-55.1921501159668	219.82598876953125
3312.0	0.0	-54.565452575683594	221.8581085205078
3312.0	1289.0	-56.70713424682617	220.80575561523438
3312.0	1290.0	-58.519840240478516	221.12997436523438
3312.0	1292.0	-55.19146728515625	219.8369598388672
3336.0	0.0	-54.67491912841797	221.8035888671875
3336.0	1289.0	-56.791385650634766	220.73532104492188
3336.0	1290.0	-58.73241424560547	221.02264404296875
3336.0	1292.0	-55.24082946777344	219.82559204101562
3360.0	0.0	-54.77784729003906	221.7515106201172
3360.0	1289.0	-57.26850509643555	220.51992797851562
3360.0	1290.0	-58.94225311279297	221.1766815185547
3360.0	1296.0	-55.17374038696289	224.00390625
3384.0	0.0	-54.81260299682617	221.73394775390625
3384.0	1289.0	-57.28582000732422	220.50160217285156
3384.0	1290.0	-59.17240905761719	221.105712890625
3384.0	1292.0	-55.207637786865234	219.8160858154297
3384.0	1296.0	-55.08638381958008	224.08367919921875
3408.0	0.0	-54.93312072753906	221.67312622070312
3408.0	1289.0	-57.28652572631836	220.49993896484375
3408.0	1290.0	-59.34056091308594	221.05027770996094
3408.0	1292.0	-55.286766052246094	219.8227081298828
3432.0	0.0	-55.02495574951172	221.62818908691406
3432.0	1289.0	-57.29517364501953	220.5757293701172
3432.0	1290.0	-59.539955139160156	221.1476287841797
3432.0	1292.0	-55.3127326965332	219.8346405029297
3432.0	1297.0	-55.04865264892578	224.08453369140625
3456.0	0.0	-55.0780143737793	221.60523986816406
3456.0	1289.0	-57.29202651977539	220.63034057617188
3456.0	1290.0	-59.772544860839844	221.29263305664062
3456.0	1292.0	-55.31055450439453	219.82789611816406
3456.0	1297.0	-54.9375	224.2100067138672
3480.0	0.0	-55.082237243652344	221.603515625
3480.0	1289.0	-57.316810607910156	220.4857177734375
3480.0	1290.0	-59.92416763305664	221.01768493652344
3480.0	1292.0	-55.186038970947266	219.81280517578125
3480.0	1297.0	-54.98830032348633	224.14990234375
3504.0	0.0	-55.082427978515625	221.6034393310547
3504.0	1289.0	-57.42164611816406	220.46755981445312
3504.0	1290.0	-60.06459045410156	220.97940063476562
3504.0	1292.0	-55.16603088378906	219.79965209960938
3504.0	1297.0	-54.98400115966797	224.15768432617188
3528.0	0.0	-55.082523345947266	221.60340881347656
3528.0	1289.0	-57.477882385253906	220.62774658203125
3528.0	1292.0	-55.17097473144531	219.807861328125
3528.0	1297.0	-54.9882926940918	224.14990234375
3552.0	0.0	-55.0826301574707	221.60336303710938
3552.0	1289.0	-57.60112762451172	220.7424774169922
3552.0	1292.0	-55.17034912109375	219.80177307128906
3552.0	1297.0	-54.99223327636719	224.15538024902344
3576.0	0.0	-55.0826416015625	221.6033477783203
3576.0	1289.0	-57.51172637939453	221.04420471191406
3576.0	1292.0	-55.17680740356445	219.7920684814453
3576.0	1297.0	-54.99213790893555	224.15589904785156
3600.0	0.0	-55.082942962646484	221.6032257080078
3600.0	1289.0	-57.4748420715332	221.1775360107422
3600.0	1292.0	-55.171142578125	219.7897186279297
3600.0	1297.0	-54.990631103515625	224.14199829101562
3624.0	0.0	-55.08689880371094	221.6016387939453
3624.0	1289.0	-57.30107879638672	221.4281768798828
3624.0	1292.0	-55.162052154541016	219.7837677001953
3624.0	1297.0	-54.93280029296875	224.20458984375
3648.0	0.0	-55.06805419921875	221.6092071533203
3648.0	1289.0	-57.25602722167969	221.4703369140625
3648.0	1292.0	-55.1592903137207	219.77737426757812
3648.0	1297.0	-54.97675323486328	224.16004943847656
3672.0	0.0	-55.06988525390625	221.6084442138672
3672.0	1289.0	-57.26259994506836	221.4943084716797
3672.0	1292.0	-55.17491912841797	219.76046752929688
3672.0	1297.0	-55.01045227050781	224.131103515625
3696.0	0.0	-55.112674713134766	221.591064453125
3696.0	1289.0	-57.23759460449219	221.5184326171875
3696.0	1292.0	-55.26506423950195	219.77816772460938
3696.0	1297.0	-55.00653839111328	224.1078338623047
3720.0	0.0	-55.10112380981445	221.5956573486328
3720.0	1289.0	-57.246604919433594	221.5054931640625
3720.0	1292.0	-55.110565185546875	219.77024841308594
3720.0	1297.0	-54.975040435791016	224.1551971435547
3744.0	0.0	-55.02110290527344	221.62864685058594
3744.0	1289.0	-57.2655029296875	221.48402404785156
3744.0	1300.0	-47.70718765258789	216.52684020996094
3744.0	1297.0	-54.959068298339844	224.18553161621094
3744.0	1292.0	-55.04677963256836	219.75083923339844
3768.0	0.0	-54.918663024902344	221.6732940673828
3768.0	1289.0	-57.352054595947266	221.51071166992188
3768.0	1300.0	-50.087379455566406	214.00123596191406
3768.0	1297.0	-54.954307556152344	224.2052001953125
3768.0	1305.0	-55.06230163574219	219.7699432373047
3792.0	0.0	-54.8066291809082	221.72024536132812
3792.0	1289.0	-57.44991683959961	221.58108520507812
3792.0	1300.0	-53.935829162597656	219.398193359375
3792.0	1297.0	-54.8837776184082	224.30258178710938
3816.0	0.0	-54.66635513305664	221.7775115966797
3816.0	1289.0	-57.525779724121094	221.50450134277344
3816.0	1300.0	-52.66230773925781	215.2698211669922
3816.0	1297.0	-54.96064758300781	224.2323455810547
3816.0	1306.0	-55.08158874511719	219.70237731933594
3840.0	0.0	-54.523929595947266	221.8372039794922
3840.0	1289.0	-57.70454025268555	221.50387573242188
3840.0	1300.0	-52.84699630737305	215.31195068359375
3840.0	1297.0	-54.99661636352539	224.22244262695312
3840.0	1306.0	-55.1008415222168	219.7104949951172
3864.0	0.0	-54.383060455322266	221.89710998535156
3864.0	1289.0	-57.70463180541992	221.51075744628906
3864.0	1300.0	-52.65938186645508	212.9005889892578
3864.0	1306.0	-55.10231018066406	219.75497436523438
3888.0	0.0	-54.24445343017578	221.956298828125
3888.0	1289.0	-57.70418930053711	221.51370239257812
3888.0	1300.0	-52.85686111450195	212.96971130371094
3888.0	1306.0	-55.118465423583984	219.76385498046875
3888.0	1307.0	-55.05527114868164	224.18283081054688
3912.0	0.0	-54.10546112060547	222.01583862304688
3912.0	1289.0	-57.605857849121094	221.50125122070312
3912.0	1300.0	-53.14179992675781	213.00045776367188
3912.0	1307.0	-55.07529830932617	224.20704650878906
3936.0	0.0	-53.96512222290039	222.0762176513672
3936.0	1289.0	-57.575172424316406	221.50804138183594
3936.0	1300.0	-53.60559844970703	213.09474182128906
3936.0	1307.0	-55.07663345336914	224.22018432617188
3960.0	0.0	-53.82961654663086	222.13499450683594
3960.0	1307.0	-55.109771728515625	224.22177124023438
3960.0	1308.0	-53.503448486328125	225.5100555419922
3984.0	0.0	-53.74987030029297	222.16949462890625
3984.0	1307.0	-55.15012741088867	224.18763732910156
4008.0	0.0	-53.7269287109375	222.17947387695312
4008.0	1307.0	-55.20404815673828	224.14674377441406
4032.0	0.0	-53.725013732910156	222.18026733398438
4032.0	1307.0	-55.16307067871094	224.1850128173828
4056.0	0.0	-53.71076965332031	222.18406677246094
4056.0	1307.0	-54.95039367675781	224.418212890625
4080.0	0.0	-53.68122482299805	222.18914794921875
4080.0	1307.0	-55.10508346557617	224.25779724121094
4080.0	1310.0	-53.49317169189453	224.97373962402344
4104.0	0.0	-53.62877655029297	222.1960906982422
4104.0	1307.0	-55.14733123779297	224.21241760253906
4104.0	1310.0	-53.525123596191406	224.97056579589844
4104.0	1311.0	-57.165626525878906	220.7621307373047
4128.0	0.0	-53.53501892089844	222.20684814453125
4128.0	1307.0	-55.16937255859375	224.18008422851562
4128.0	1310.0	-53.51873016357422	224.9710693359375
4128.0	1311.0	-57.17802810668945	220.69564819335938
4128.0	1312.0	-55.50831985473633	221.8421630859375
4152.0	0.0	-53.39921951293945	222.22372436523438
4152.0	1307.0	-55.22176742553711	224.14199829101562
4152.0	1310.0	-53.56215286254883	224.99130249023438
4152.0	1311.0	-56.3242073059082	220.92518615722656
4176.0	0.0	-53.247135162353516	222.24620056152344
4176.0	1307.0	-55.22703170776367	224.14804077148438
4176.0	1311.0	-56.088134765625	221.0284881591797
4200.0	0.0	-53.08626937866211	222.27345275878906
4200.0	1303.0	-52.50817108154297	223.31985473632812
4200.0	1307.0	-55.268917083740234	224.12542724609375
4200.0	1310.0	-53.562217712402344	225.3236846923828
4224.0	0.0	-52.94426727294922	222.30044555664062
4224.0	1303.0	-52.51340103149414	223.37063598632812
4224.0	1307.0	-55.30517578125	224.08590698242188
4224.0	1310.0	-53.64818572998047	225.580078125
4224.0	1311.0	-56.02330780029297	221.03810119628906
4248.0	0.0	-52.79231262207031	222.3332061767578
4248.0	1303.0	-52.3744010925293	223.53817749023438
4248.0	1307.0	-55.31943130493164	224.0704345703125
4272.0	0.0	-52.6462287902832	222.36672973632812
4272.0	1303.0	-52.215858459472656	223.53372192382812
4272.0	1307.0	-55.317344665527344	224.09324645996094
4296.0	0.0	-52.50144577026367	222.40106201171875
4296.0	1303.0	-52.137847900390625	223.5196533203125
4320.0	0.0	-52.34432601928711	222.44131469726562
4320.0	1303.0	-52.10964584350586	223.64999389648438
4344.0	0.0	-52.23858642578125	222.471435546875
4344.0	1303.0	-52.00563430786133	223.71080017089844
4344.0	1315.0	-57.33012390136719	221.34713745117188
4368.0	0.0	-52.195945739746094	222.4839324951172
4368.0	1303.0	-51.92110061645508	223.7615966796875
4368.0	1315.0	-54.82044219970703	222.12245178222656
4392.0	0.0	-52.19367599487305	222.48458862304688
4392.0	1303.0	-51.891414642333984	223.7348175048828
4416.0	0.0	-52.193477630615234	222.48464965820312
4416.0	1303.0	-51.91659164428711	223.7181854248047
4440.0	0.0	-52.19335174560547	222.4846954345703
4440.0	1303.0	-51.91987991333008	223.74034118652344
4464.0	0.0	-52.19335174560547	222.4846954345703
4464.0	1303.0	-51.74900817871094	223.76809692382812
4464.0	1316.0	-53.930850982666016	222.45787048339844
4488.0	0.0	-52.19329833984375	222.48471069335938
4488.0	1303.0	-51.653221130371094	223.7482147216797
4488.0	1316.0	-53.66630172729492	222.6036834716797
4512.0	0.0	-52.193241119384766	222.48472595214844
4512.0	1303.0	-51.612369537353516	223.7256317138672
4512.0	1316.0	-53.498748779296875	222.7768096923828
4536.0	0.0	-52.201393127441406	222.4822998046875
4536.0	1316.0	-53.25082015991211	222.94970703125
4560.0	0.0	-52.36305236816406	222.43499755859375
4560.0	1316.0	-53.28955078125	223.1020050048828
4584.0	0.0	-52.6297492980957	222.35919189453125
4584.0	1316.0	-54.68489456176758	224.89749145507812
4608.0	0.0	-52.898014068603516	222.29347229003906
4608.0	1316.0	-53.62123107910156	225.42367553710938
4632.0	0.0	-53.17403793334961	222.25076293945312
4632.0	1316.0	-52.822723388671875	225.649658203125
4656.0	0.0	-53.4075927734375	222.2213592529297
4656.0	1316.0	-52.21807861328125	225.64996337890625
4656.0	1319.0	-53.81925964355469	225.5242156982422
4656.0	1320.0	-55.3640022277832	223.98133850097656
4680.0	0.0	-53.5890998840332	222.19976806640625
4680.0	1316.0	-52.70090866088867	223.87168884277344
4680.0	1319.0	-53.772159576416016	225.52426147460938
4680.0	1320.0	-55.327125549316406	224.0491485595703
4680.0	1321.0	-57.689483642578125	221.46275329589844
4704.0	0.0	-53.75151062011719	222.18093872070312
4704.0	1316.0	-51.65888977050781	225.6782989501953
4704.0	1319.0	-53.74032974243164	225.5091552734375
4704.0	1320.0	-55.306095123291016	224.05538940429688
4704.0	1321.0	-57.69707489013672	221.4523468017578
4728.0	0.0	-53.90250015258789	222.1634521484375
4728.0	1319.0	-53.74467086791992	225.51419067382812
4728.0	1320.0	-55.2777099609375	224.0618438720703
4728.0	1321.0	-57.73826599121094	221.40985107421875
4728.0	1322.0	-57.121315002441406	220.70489501953125
4752.0	0.0	-54.0565071105957	222.13636779785156
4752.0	1319.0	-54.026798248291016	225.47494506835938
4752.0	1320.0	-55.402000427246094	223.90060424804688
4752.0	1321.0	-57.46137619018555	221.11732482910156
4752.0	1322.0	-56.318084716796875	220.80001831054688
4776.0	0.0	-54.20237731933594	222.08912658691406
4776.0	1319.0	-54.05713653564453	225.3896942138672
4776.0	1320.0	-55.39820861816406	223.8724822998047
4776.0	1321.0	-57.402618408203125	221.0928497314453
4776.0	1322.0	-56.343624114990234	220.7999267578125
4800.0	0.0	-54.337223052978516	222.03515625
4800.0	1319.0	-53.689632415771484	225.48165893554688
4800.0	1320.0	-55.2558479309082	223.99514770507812
4800.0	1321.0	-57.72489547729492	221.33456420898438
4800.0	1322.0	-57.10954666137695	220.7227325439453
4824.0	0.0	-54.37334060668945	222.0203399658203
4824.0	1320.0	-55.16044235229492	224.09654235839844
4824.0	1321.0	-57.69148254394531	221.4727325439453
4824.0	1322.0	-57.11241912841797	220.74598693847656
4848.0	0.0	-54.37965774536133	222.0177459716797
4848.0	1320.0	-55.131649017333984	224.12472534179688
4848.0	1321.0	-57.672027587890625	221.5220489501953
4848.0	1322.0	-57.12236404418945	220.76919555664062
4848.0	1324.0	-53.520084381103516	225.4374237060547
4872.0	0.0	-54.38380813598633	222.01605224609375
4872.0	1321.0	-57.67000198364258	221.51173400878906
4872.0	1322.0	-57.11626052856445	220.7520751953125
4872.0	1324.0	-53.51615524291992	225.45074462890625
4896.0	0.0	-54.52202606201172	221.95846557617188
4896.0	1321.0	-57.69482421875	221.4430694580078
4896.0	1322.0	-57.10145950317383	220.74688720703125
4896.0	1324.0	-53.633155822753906	225.4547119140625
4896.0	1320.0	-55.23576354980469	224.00181579589844
4920.0	0.0	-54.72974395751953	221.87094116210938
4920.0	1321.0	-57.624874114990234	221.45945739746094
4920.0	1322.0	-57.09012222290039	220.76780700683594
4920.0	1320.0	-55.24058532714844	223.95567321777344
4944.0	0.0	-54.90559768676758	221.797607421875
4944.0	1321.0	-57.64775085449219	221.4616241455078
4944.0	1322.0	-57.150840759277344	220.78225708007812
4944.0	1325.0	-55.355411529541016	219.78038024902344
4968.0	0.0	-55.00397872924805	221.75732421875
4968.0	1321.0	-57.62863540649414	221.48699951171875
4968.0	1322.0	-57.138465881347656	220.78794860839844
4992.0	0.0	-55.057857513427734	221.73516845703125
4992.0	1321.0	-57.63343811035156	221.4708709716797
4992.0	1322.0	-57.11690902709961	220.7539825439453
4992.0	1327.0	-55.05238342285156	224.10157775878906
5016.0	0.0	-55.133079528808594	221.70364379882812
5016.0	1321.0	-57.70848846435547	221.4402313232422
5016.0	1322.0	-57.110145568847656	220.69293212890625
5016.0	1327.0	-55.07509994506836	224.07327270507812
5040.0	0.0	-55.199832916259766	221.6752471923828
5040.0	1321.0	-57.710472106933594	221.41128540039062
5040.0	1322.0	-57.15619659423828	220.7218780517578
5040.0	1327.0	-55.03654098510742	224.0979461669922
5040.0	1328.0	-55.150794982910156	219.75616455078125
5064.0	0.0	-55.24420166015625	221.65626525878906
5064.0	1321.0	-57.68946838378906	221.3989715576172
5064.0	1322.0	-57.164886474609375	220.76194763183594
5064.0	1327.0	-54.9948844909668	224.13262939453125
5064.0	1328.0	-55.095664978027344	219.72523498535156
5088.0	0.0	-55.25975799560547	221.6495819091797
5088.0	1321.0	-57.68198776245117	221.46502685546875
5088.0	1322.0	-57.17374038696289	220.7684783935547
5088.0	1327.0	-54.937469482421875	224.2029571533203
5112.0	0.0	-55.41999435424805	221.57962036132812
5112.0	1321.0	-57.6928825378418	221.41464233398438
5112.0	1322.0	-57.187625885009766	220.7481231689453
5112.0	1327.0	-55.103031158447266	224.0005645751953
5136.0	0.0	-55.65414047241211	221.47747802734375
5136.0	1321.0	-57.65723419189453	221.39266967773438
5136.0	1322.0	-57.15420913696289	220.7870330810547
5136.0	1329.0	-55.24498748779297	219.535888671875
5160.0	0.0	-55.75926971435547	221.4320831298828
5160.0	1321.0	-57.65871047973633	221.42169189453125
5160.0	1322.0	-57.24263000488281	220.7164764404297
5160.0	1329.0	-55.24818801879883	219.64724731445312
5184.0	0.0	-55.77939987182617	221.4234161376953
5184.0	1321.0	-57.67213821411133	221.43553161621094
5184.0	1322.0	-57.222286224365234	220.59713745117188
5208.0	0.0	-55.80780029296875	221.41116333007812
5208.0	1321.0	-57.696388244628906	221.4641876220703
5208.0	1322.0	-57.144229888916016	220.59298706054688
5208.0	1334.0	-55.12727355957031	219.7279052734375
5232.0	0.0	-55.86610412597656	221.38604736328125
5232.0	1321.0	-57.710227966308594	221.4254913330078
5232.0	1322.0	-57.06964874267578	220.56985473632812
5232.0	1336.0	-59.634422302246094	220.92874145507812
5232.0	1334.0	-55.122894287109375	219.72055053710938
5256.0	0.0	-55.9406623840332	221.35389709472656
5256.0	1321.0	-57.70000457763672	221.4267120361328
5256.0	1322.0	-57.113250732421875	220.54190063476562
5256.0	1336.0	-59.62760925292969	220.92234802246094
5256.0	1334.0	-55.1490592956543	219.7283477783203
5280.0	0.0	-56.026363372802734	221.31777954101562
5280.0	1321.0	-57.68419647216797	221.44776916503906
5280.0	1322.0	-57.245155334472656	220.51010131835938
5280.0	1336.0	-59.62872314453125	220.9816131591797
5304.0	0.0	-56.138671875	221.27706909179688
5304.0	1321.0	-57.7024040222168	221.49270629882812
5304.0	1322.0	-57.275238037109375	220.50543212890625
5304.0	1336.0	-59.6149787902832	221.05911254882812
5328.0	0.0	-56.26311492919922	221.2349853515625
5328.0	1321.0	-57.686920166015625	221.35916137695312
5328.0	1322.0	-57.17002868652344	220.47235107421875
5328.0	1336.0	-59.59455871582031	220.84410095214844
5352.0	0.0	-56.35279846191406	221.19921875
5352.0	1321.0	-57.708641052246094	221.31982421875
5352.0	1322.0	-57.117271423339844	220.44564819335938
5352.0	1336.0	-62.511268615722656	220.3787078857422
5352.0	1339.0	-56.83667755126953	220.53659057617188
5376.0	0.0	-56.449867248535156	221.1586151123047
5376.0	1321.0	-57.66963195800781	221.38739013671875
5376.0	1322.0	-57.1592903137207	220.47483825683594
5376.0	1336.0	-59.909061431884766	220.83802795410156
5376.0	1340.0	-57.12993621826172	221.81849670410156
5400.0	0.0	-56.46748733520508	221.15121459960938
5400.0	1321.0	-57.66530227661133	221.42977905273438
5400.0	1322.0	-57.135196685791016	220.45501708984375
5400.0	1336.0	-59.97794723510742	220.92999267578125
5400.0	1340.0	-57.07334899902344	221.78500366210938
5424.0	0.0	-56.46799850463867	221.1510009765625
5424.0	1321.0	-57.665157318115234	221.44912719726562
5424.0	1322.0	-57.134765625	220.45399475097656
5424.0	1336.0	-60.14374542236328	221.0430450439453
5424.0	1340.0	-57.09001159667969	221.80796813964844
5448.0	0.0	-56.49188232421875	221.1411590576172
5448.0	1321.0	-57.67689895629883	221.4604034423828
5448.0	1322.0	-57.146392822265625	220.4733428955078
5448.0	1336.0	-60.28398132324219	221.16244506835938
5448.0	1340.0	-57.104461669921875	221.80421447753906
5448.0	1343.0	-57.53769302368164	221.71690368652344
5472.0	0.0	-56.56206512451172	221.1153564453125
5472.0	1321.0	-57.672996520996094	221.44705200195312
5472.0	1322.0	-57.198280334472656	220.494384765625
5472.0	1336.0	-60.441776275634766	221.3260955810547
5472.0	1340.0	-57.13888931274414	221.80577087402344
5496.0	0.0	-56.68006896972656	221.07693481445312
5496.0	1321.0	-57.67293167114258	221.38223266601562
5496.0	1322.0	-57.16696548461914	220.3990020751953
5496.0	1336.0	-60.63111877441406	221.2685089111328
5496.0	1340.0	-57.22408676147461	221.77175903320312
5496.0	1343.0	-57.575775146484375	221.67901611328125
5520.0	0.0	-56.89389419555664	221.0098419189453
5520.0	1321.0	-57.68047332763672	221.3052215576172
5520.0	1322.0	-57.253292083740234	220.3292999267578
5520.0	1336.0	-60.60615539550781	221.2213897705078
5520.0	1340.0	-57.40951919555664	221.74365234375
5520.0	1345.0	-57.06743621826172	220.25196838378906
5544.0	0.0	-57.05362319946289	220.9603729248047
5544.0	1321.0	-57.69330978393555	221.28985595703125
5544.0	1322.0	-57.251461029052734	220.30885314941406
5544.0	1336.0	-60.60541534423828	221.29867553710938
5544.0	1340.0	-57.46843338012695	221.68385314941406
5544.0	1345.0	-57.09720230102539	220.2726287841797
5568.0	0.0	-57.27467727661133	220.8912353515625
5568.0	1321.0	-57.824073791503906	221.2535400390625
5568.0	1322.0	-57.34877395629883	220.23106384277344
5568.0	1336.0	-60.6057014465332	221.2994384765625
5568.0	1340.0	-57.61475372314453	221.62059020996094
5592.0	0.0	-57.55054473876953	220.80381774902344
5592.0	1321.0	-58.02685546875	221.2804718017578
5592.0	1322.0	inf	inf
5592.0	1336.0	-60.553218841552734	221.30152893066406
5592.0	1346.0	-57.902137756347656	219.46630859375
5592.0	1348.0	-58.71506881713867	224.13043212890625
5616.0	0.0	-57.82609558105469	220.7235870361328
5616.0	1321.0	inf	-inf
5616.0	1322.0	-57.473453521728516	220.11703491210938
5616.0	1336.0	-60.55408477783203	221.385009765625
5616.0	1346.0	-57.95948028564453	219.4923553466797
5616.0	1349.0	-59.884788513183594	222.4826202392578
5616.0	1348.0	-inf	-inf
5640.0	0.0	-58.0923957824707	220.6664276123047
5640.0	1321.0	-inf	-inf
5640.0	1322.0	-57.48131561279297	220.14039611816406
5640.0	1336.0	-60.56098556518555	221.46420288085938
5640.0	1346.0	-57.96303939819336	217.15902709960938
5640.0	1349.0	-59.79103088378906	222.5419158935547
5640.0	1351.0	-56.416221618652344	216.65542602539062
5640.0	1352.0	-59.07126998901367	222.5260009765625
5664.0	0.0	-58.32512283325195	220.64453125
5664.0	1321.0	-58.06022262573242	221.3009796142578
5664.0	1336.0	-60.44306564331055	221.57823181152344
5664.0	1346.0	-57.82839584350586	217.08294677734375
5664.0	1349.0	-59.665096282958984	222.62234497070312
5664.0	1351.0	-57.57538986206055	219.36741638183594
5664.0	1352.0	-58.87737274169922	222.58103942871094
5688.0	0.0	-58.5849723815918	220.64662170410156
5688.0	1321.0	-58.20451354980469	221.3462677001953
5688.0	1336.0	-60.504859924316406	221.24745178222656
5688.0	1346.0	-58.0385627746582	219.3582763671875
5688.0	1349.0	-59.98537063598633	222.48284912109375
5688.0	1352.0	-59.1266975402832	222.46192932128906
5712.0	0.0	-58.760643005371094	220.6333465576172
5712.0	1321.0	-58.17884063720703	221.59326171875
5712.0	1336.0	-61.645328521728516	221.2190704345703
5712.0	1346.0	-57.78580093383789	219.43116760253906
5712.0	1349.0	-60.74668884277344	222.9090576171875
5712.0	1352.0	-59.50722885131836	222.76954650878906
5712.0	1354.0	-58.267189025878906	223.99546813964844
5736.0	0.0	-58.86091613769531	220.618896484375
5736.0	1336.0	-61.635040283203125	221.27894592285156
5736.0	1346.0	-57.80624771118164	219.40277099609375
5736.0	1349.0	-60.68388748168945	222.93914794921875
5736.0	1352.0	-59.56245422363281	223.07217407226562
5760.0	0.0	-58.90842056274414	220.61134338378906
5760.0	1336.0	-60.74807357788086	221.17259216308594
5760.0	1346.0	-57.82143783569336	219.34197998046875
5760.0	1349.0	-60.140071868896484	222.4625701904297
5760.0	1352.0	-59.28326416015625	222.41043090820312
5784.0	0.0	-59.31079864501953	220.54666137695312
5784.0	1336.0	-60.66684341430664	221.18304443359375
5784.0	1346.0	-58.75899124145508	220.03367614746094
5784.0	1349.0	-60.16286087036133	222.51170349121094
5784.0	1352.0	-59.39662551879883	223.02377319335938
5784.0	1357.0	-57.797340393066406	223.7550811767578
5808.0	0.0	-59.38190460205078	220.53514099121094
5808.0	1336.0	-60.6710090637207	221.2090606689453
5808.0	1349.0	-60.09913635253906	222.42799377441406
5808.0	1352.0	-59.33955764770508	223.06329345703125
5808.0	1357.0	-57.73072052001953	223.7123260498047
5832.0	0.0	-59.81884002685547	220.4817657470703
5832.0	1336.0	-60.688934326171875	221.20413208007812
5832.0	1349.0	-60.10698699951172	222.40496826171875
5832.0	1352.0	-59.15287780761719	223.4923553466797
5856.0	0.0	-60.41505813598633	220.40574645996094
5856.0	1336.0	-61.38240432739258	221.55184936523438
5856.0	1349.0	-60.522830963134766	222.88302612304688
5856.0	1352.0	-59.772743225097656	222.30369567871094
5880.0	0.0	-60.45539474487305	220.39874267578125
5880.0	1336.0	-60.98696517944336	221.22235107421875
5880.0	1349.0	-60.349056243896484	222.94476318359375
5880.0	1352.0	-59.64547348022461	222.28814697265625
5904.0	0.0	-60.733463287353516	220.3365478515625
5904.0	1336.0	-61.534488677978516	222.5205078125
5904.0	1349.0	-60.59016036987305	221.1272735595703
5928.0	0.0	-60.79106140136719	220.32217407226562
5928.0	1336.0	-60.8853759765625	221.17428588867188
5928.0	1349.0	-60.5672721862793	221.1333770751953
5952.0	0.0	-61.16889953613281	220.226318359375
5952.0	1336.0	-61.23603820800781	222.60690307617188
5952.0	1349.0	-60.81610107421875	221.14938354492188
5976.0	0.0	-61.30895233154297	220.19151306152344
5976.0	1336.0	-61.01927185058594	221.51791381835938
6000.0	0.0	-61.36397933959961	220.17869567871094
6000.0	1336.0	-60.893585205078125	221.1931610107422
6024.0	0.0	-61.36753845214844	220.17787170410156
6024.0	1336.0	-60.88967514038086	221.19580078125
6048.0	0.0	-61.36796569824219	220.17776489257812
6048.0	1336.0	-60.89994430541992	221.21775817871094
6072.0	0.0	-61.36804962158203	220.17774963378906
6072.0	1336.0	-60.88801956176758	221.22015380859375
6096.0	0.0	-61.36802291870117	220.17776489257812
6096.0	1336.0	-60.88484573364258	221.21409606933594
6120.0	0.0	-61.36802291870117	220.17776489257812
6120.0	1336.0	-60.90708541870117	221.22666931152344
6144.0	0.0	-61.36798095703125	220.17776489257812
6144.0	1336.0	-60.92025375366211	221.24310302734375
6168.0	0.0	-61.36799240112305	220.17776489257812
6168.0	1336.0	-60.90999984741211	221.24179077148438
