168.0	0.0	-264.8680419921875	99.04810333251953
168.0	0.0	-264.8680419921875	99.04810333251953
192.0	0.0	-264.8680419921875	99.04810333251953
216.0	0.0	-264.8680419921875	99.0480728149414
216.0	2030.0	-264.50390625	97.76984405517578
216.0	2034.0	-261.6065368652344	101.13383483886719
240.0	0.0	-264.8680419921875	99.04808807373047
240.0	2030.0	-264.1915283203125	98.15992736816406
240.0	2034.0	-261.61529541015625	101.15483093261719
240.0	2036.0	-261.0326232910156	98.42597198486328
264.0	0.0	-264.8680419921875	99.04808807373047
264.0	2030.0	-263.9399108886719	98.5474624633789
264.0	2034.0	-261.6492919921875	101.13006591796875
264.0	2037.0	-266.0188903808594	96.74773406982422
264.0	2036.0	-261.03009033203125	98.41682434082031
288.0	0.0	-264.8680419921875	99.04810333251953
288.0	2030.0	-261.0126953125	98.49070739746094
288.0	2034.0	-261.6454772949219	101.12415313720703
288.0	2037.0	-265.6724548339844	97.04020690917969
312.0	0.0	-264.8680419921875	99.04805755615234
312.0	2030.0	-263.31329345703125	99.2531967163086
312.0	2034.0	-261.64324951171875	101.12804412841797
312.0	2037.0	-265.2596435546875	97.41732025146484
336.0	0.0	-264.8680419921875	99.04808807373047
336.0	2030.0	-263.13690185546875	99.66998291015625
336.0	2034.0	-263.4015808105469	99.99224853515625
336.0	2037.0	-264.9765625	97.84260559082031
336.0	2038.0	-261.02593994140625	98.43531799316406
336.0	2039.0	-266.173828125	96.45246124267578
360.0	0.0	-264.8680419921875	99.04813385009766
360.0	2030.0	-263.2124938964844	100.13731384277344
360.0	2037.0	-264.7261657714844	98.28834533691406
360.0	2038.0	-261.0337829589844	98.4188461303711
360.0	2039.0	-265.7894287109375	96.33843231201172
384.0	0.0	-264.8680725097656	99.04820251464844
384.0	2030.0	-263.20135498046875	100.61986541748047
384.0	2037.0	-261.7278137207031	95.32054138183594
384.0	2039.0	-265.4034118652344	96.20051574707031
384.0	2041.0	-261.5291748046875	101.21322631835938
408.0	0.0	-264.8680725097656	99.04820251464844
408.0	2037.0	-261.0730895996094	98.00048065185547
408.0	2039.0	-264.9895935058594	96.0511245727539
408.0	2041.0	-261.4932556152344	101.19432067871094
432.0	0.0	-264.8680419921875	99.04817199707031
432.0	2037.0	-263.5823059082031	99.44689178466797
432.0	2039.0	-264.4284973144531	95.93756866455078
432.0	2041.0	-263.9479675292969	99.61473846435547
432.0	2043.0	-261.02947998046875	98.4458236694336
456.0	0.0	-264.8680419921875	99.04817199707031
456.0	2037.0	-261.4747314453125	101.38365936279297
456.0	2039.0	-263.96087646484375	95.751220703125
456.0	2043.0	-261.0369567871094	98.42391967773438
480.0	0.0	-264.8680419921875	99.04814147949219
480.0	2039.0	-263.4861145019531	95.60358428955078
480.0	2044.0	-261.3799743652344	101.06537628173828
480.0	2043.0	-261.027099609375	98.42311096191406
504.0	0.0	-264.8680419921875	99.04815673828125
504.0	2039.0	-262.9580383300781	95.36679077148438
504.0	2044.0	-261.435302734375	101.08859252929688
504.0	2043.0	-261.0240478515625	98.4172134399414
504.0	2046.0	-266.2933654785156	96.18365478515625
528.0	0.0	-264.8680419921875	99.04814147949219
528.0	2039.0	-262.537353515625	94.9169692993164
528.0	2044.0	-261.47320556640625	101.09347534179688
528.0	2043.0	-261.0292053222656	98.42245483398438
528.0	2046.0	-266.1338806152344	96.09878540039062
552.0	0.0	-264.8680419921875	99.04810333251953
552.0	2039.0	-262.4462890625	94.72944641113281
552.0	2044.0	-261.4732666015625	101.1167221069336
552.0	2043.0	-261.0330505371094	98.42324829101562
552.0	2046.0	-265.8942565917969	96.00284576416016
576.0	0.0	-264.8680419921875	99.0481185913086
576.0	2039.0	-262.5140380859375	94.69435119628906
576.0	2044.0	-261.4478454589844	101.1133804321289
576.0	2043.0	-261.03961181640625	98.41989135742188
576.0	2046.0	-265.6140441894531	95.887451171875
576.0	2047.0	-266.0373229980469	96.67938995361328
600.0	0.0	-264.8680419921875	99.04814147949219
600.0	2039.0	-262.5845031738281	94.65486145019531
600.0	2044.0	-261.4349670410156	101.10755157470703
600.0	2047.0	-265.60162353515625	96.60635375976562
600.0	2046.0	-265.132080078125	95.69304656982422
600.0	2043.0	-261.02252197265625	98.41425323486328
624.0	0.0	-264.8680419921875	99.04813385009766
624.0	2039.0	-262.66900634765625	94.6097640991211
624.0	2044.0	-261.4256286621094	101.11135864257812
624.0	2047.0	-265.1586608886719	96.49299621582031
624.0	2046.0	-264.69146728515625	95.71931457519531
624.0	2043.0	-261.026611328125	98.4136962890625
648.0	0.0	-264.8680419921875	99.04815673828125
648.0	2044.0	-261.4275207519531	101.10680389404297
648.0	2047.0	-264.7528076171875	96.36304473876953
648.0	2043.0	-261.0282287597656	98.41620635986328
648.0	2048.0	-266.1598815917969	96.68147277832031
672.0	0.0	-264.8680419921875	99.0481185913086
672.0	2044.0	-261.4311828613281	101.1090087890625
672.0	2047.0	-264.1854553222656	96.28306579589844
672.0	2048.0	-265.8251953125	96.50041961669922
672.0	2043.0	-261.0333557128906	98.4214859008789
696.0	0.0	-264.8680419921875	99.0481185913086
696.0	2044.0	-261.43218994140625	101.11063385009766
696.0	2047.0	-263.5767517089844	96.14468383789062
696.0	2048.0	-265.41851806640625	96.38890838623047
696.0	2043.0	-261.02215576171875	98.42131042480469
696.0	2049.0	-266.1646423339844	96.72283172607422
720.0	0.0	-264.8680419921875	99.0481185913086
720.0	2044.0	-261.4263610839844	101.11257934570312
720.0	2047.0	-263.0752868652344	95.9615249633789
720.0	2048.0	-265.0767517089844	96.28841400146484
720.0	2049.0	-266.0411071777344	96.7766342163086
720.0	2043.0	-261.04364013671875	98.41979217529297
744.0	0.0	-264.8680419921875	99.04810333251953
744.0	2044.0	-261.433349609375	101.11254119873047
744.0	2047.0	-262.6266784667969	95.72240447998047
744.0	2048.0	-264.670166015625	96.14127349853516
744.0	2049.0	-265.6953430175781	96.68411254882812
744.0	2051.0	-263.00439453125	95.50721740722656
768.0	0.0	-264.8680419921875	99.04813385009766
768.0	2044.0	-261.4274597167969	101.10665893554688
768.0	2047.0	-262.0980224609375	95.32908630371094
768.0	2048.0	-264.21685791015625	96.0177993774414
768.0	2049.0	-265.3133850097656	96.63221740722656
768.0	2051.0	-262.7446594238281	95.05194854736328
768.0	2052.0	-266.0903015136719	96.84373474121094
792.0	0.0	-264.8680419921875	99.04804229736328
792.0	2044.0	-261.42181396484375	101.10881042480469
792.0	2047.0	-261.96136474609375	95.03731536865234
792.0	2048.0	-263.86956787109375	95.88439178466797
792.0	2049.0	-264.9791259765625	96.5869369506836
792.0	2051.0	-262.61322021484375	94.6355972290039
792.0	2052.0	-265.8379211425781	96.7410659790039
816.0	0.0	-264.8680419921875	99.04795837402344
816.0	2044.0	-261.4389953613281	101.09854125976562
816.0	2047.0	-262.0841979980469	94.95570373535156
816.0	2049.0	-264.5292663574219	96.34353637695312
816.0	2052.0	-265.4808654785156	96.88964080810547
816.0	2054.0	-266.25701904296875	96.7098388671875
816.0	2055.0	-261.0261535644531	98.4164047241211
816.0	2048.0	-263.3838195800781	95.68992614746094
840.0	0.0	-264.8680419921875	99.04795837402344
840.0	2044.0	-261.4383239746094	101.10514831542969
840.0	2049.0	-264.1915588378906	96.18730163574219
840.0	2052.0	-265.1634521484375	96.7471923828125
840.0	2054.0	-265.98602294921875	96.76097869873047
840.0	2055.0	-261.0269470214844	98.4114990234375
840.0	2048.0	-262.93890380859375	95.49446105957031
864.0	0.0	-264.8680419921875	99.04798126220703
864.0	2044.0	-261.4359436035156	101.10896301269531
864.0	2049.0	-263.7686767578125	95.99220275878906
864.0	2052.0	-264.7033996582031	96.60286712646484
864.0	2054.0	-265.683837890625	96.7032470703125
864.0	2055.0	-261.0366516113281	98.41339874267578
864.0	2048.0	-262.624267578125	95.19889831542969
888.0	0.0	-264.8680419921875	99.04796600341797
888.0	2044.0	-261.4393615722656	101.10688018798828
888.0	2049.0	-263.3120422363281	95.64543151855469
888.0	2052.0	-264.34149169921875	96.46956634521484
888.0	2054.0	-265.3299865722656	96.5771484375
888.0	2056.0	-266.2269287109375	96.74777221679688
888.0	2048.0	-262.2875061035156	94.82452392578125
888.0	2055.0	-261.0369873046875	98.41132354736328
912.0	0.0	-264.8680419921875	99.04802703857422
912.0	2044.0	-261.4381408691406	101.11656951904297
912.0	2052.0	-263.79656982421875	96.31714630126953
912.0	2054.0	-264.8406677246094	96.4345703125
912.0	2056.0	-265.9026184082031	96.60224151611328
912.0	2055.0	-261.0308532714844	98.41216278076172
936.0	0.0	-264.8680419921875	99.04801177978516
936.0	2044.0	-261.4181213378906	101.12596893310547
936.0	2052.0	-263.3116455078125	95.97410583496094
936.0	2054.0	-264.4451904296875	96.27246856689453
936.0	2056.0	-265.4744567871094	96.47901916503906
936.0	2055.0	-261.0421447753906	98.41650390625
936.0	2057.0	-266.114990234375	96.8208236694336
960.0	0.0	-264.8680419921875	99.04795837402344
960.0	2044.0	-261.4315185546875	101.11715698242188
960.0	2052.0	-262.9301452636719	95.59525299072266
960.0	2054.0	-263.962890625	96.11285400390625
960.0	2056.0	-265.110595703125	96.30711364746094
960.0	2055.0	-261.02423095703125	98.41595458984375
960.0	2057.0	-265.8238220214844	96.97042846679688
984.0	0.0	-264.8680419921875	99.04795837402344
984.0	2044.0	-261.4252014160156	101.12213897705078
984.0	2052.0	-262.5411376953125	95.1527328491211
984.0	2054.0	-263.4459533691406	95.91842651367188
984.0	2056.0	-264.68426513671875	96.14620971679688
984.0	2055.0	-261.046630859375	98.41361999511719
984.0	2057.0	-265.6204528808594	97.1719970703125
1008.0	0.0	-264.8680419921875	99.0479965209961
1008.0	2044.0	-261.431640625	101.12124633789062
1008.0	2054.0	-263.1017150878906	95.66156005859375
1008.0	2056.0	-264.2594909667969	96.01899719238281
1008.0	2055.0	-261.0327453613281	98.412841796875
1008.0	2057.0	-265.2339782714844	97.49237823486328
1032.0	0.0	-264.8680419921875	99.04794311523438
1032.0	2044.0	-261.43115234375	101.12039184570312
1032.0	2054.0	-262.80987548828125	95.29378509521484
1032.0	2056.0	-263.70654296875	95.86796569824219
1032.0	2055.0	-261.0386657714844	98.41341400146484
1032.0	2057.0	-264.76611328125	97.89491271972656
1056.0	0.0	-264.8680419921875	99.04789733886719
1056.0	2044.0	-261.44073486328125	101.11688995361328
1056.0	2055.0	-261.0367736816406	98.4126205444336
1056.0	2057.0	-264.6268615722656	98.37692260742188
1080.0	0.0	-264.8680419921875	99.04789733886719
1080.0	2044.0	-261.44757080078125	101.10498046875
1080.0	2055.0	-264.1991882324219	98.9365005493164
1080.0	2057.0	-260.7993469238281	96.19590759277344
1080.0	2058.0	-262.9667053222656	95.27225494384766
1104.0	0.0	-264.8680419921875	99.04788208007812
1104.0	2044.0	-264.14056396484375	99.48725128173828
1104.0	2057.0	-260.9674987792969	99.240966796875
1104.0	2058.0	-262.56488037109375	94.94255065917969
1128.0	0.0	-264.8680419921875	99.0478515625
1128.0	2057.0	-261.319580078125	100.87966918945312
1128.0	2059.0	-266.1170654296875	96.63652038574219
1152.0	0.0	-264.8680419921875	99.0478515625
1152.0	2059.0	-266.0028076171875	96.77062225341797
1152.0	2060.0	-261.0379333496094	98.405517578125
1152.0	2061.0	-261.4480895996094	101.10577392578125
1176.0	0.0	-264.8680419921875	99.04780578613281
1176.0	2059.0	-265.8114013671875	96.83808135986328
1176.0	2060.0	-261.0419006347656	98.41777038574219
1176.0	2061.0	-261.4344787597656	101.12965393066406
1200.0	0.0	-264.8680419921875	99.04786682128906
1200.0	2059.0	-265.78033447265625	97.00758361816406
1200.0	2060.0	-261.0304260253906	98.41458892822266
1200.0	2061.0	-261.435546875	101.12757110595703
1200.0	2064.0	-262.669921875	94.60901641845703
1224.0	0.0	-264.8680419921875	99.04788208007812
1224.0	2059.0	-265.6857604980469	97.04969024658203
1224.0	2061.0	-261.44049072265625	101.12417602539062
1224.0	2060.0	-261.03607177734375	98.416748046875
1248.0	0.0	-264.8680419921875	99.04795837402344
1248.0	2059.0	-265.6492919921875	97.03948974609375
1248.0	2061.0	-261.4429626464844	101.12059020996094
1248.0	2060.0	-261.0385437011719	98.4139404296875
1272.0	0.0	-264.8680419921875	99.04788208007812
1272.0	2059.0	-265.6780090332031	97.04656982421875
1272.0	2061.0	-261.44622802734375	101.12598419189453
1272.0	2060.0	-261.0265197753906	98.41407775878906
1296.0	0.0	-264.8680419921875	99.04794311523438
1296.0	2059.0	-265.68243408203125	97.06498718261719
1296.0	2061.0	-261.44085693359375	101.11710357666016
1296.0	2060.0	-261.0265808105469	98.41368103027344
1320.0	0.0	-264.8680419921875	99.04798126220703
1320.0	2059.0	-265.6712341308594	97.2035903930664
1320.0	2061.0	-261.44464111328125	101.11571502685547
1320.0	2060.0	-261.03240966796875	98.41481018066406
1344.0	0.0	-264.8680419921875	99.04802703857422
1344.0	2059.0	-265.598876953125	97.44721221923828
1344.0	2061.0	-261.44268798828125	101.11245727539062
1344.0	2060.0	-261.0328369140625	98.41233825683594
1368.0	0.0	-264.8680419921875	99.04805755615234
1368.0	2059.0	-265.6168212890625	97.70948791503906
1368.0	2061.0	-261.43731689453125	101.11909484863281
1368.0	2060.0	-261.02215576171875	98.41650390625
1392.0	0.0	-264.8680419921875	99.04802703857422
1392.0	2059.0	-265.6851806640625	97.9832992553711
1392.0	2061.0	-261.4490966796875	101.10765838623047
1392.0	2060.0	-261.0335388183594	98.42024230957031
1416.0	0.0	-264.8680419921875	99.04801177978516
1416.0	2059.0	-265.6849365234375	98.3779296875
1416.0	2061.0	-261.46002197265625	101.10636901855469
1416.0	2060.0	-261.03363037109375	98.41959381103516
1440.0	0.0	-264.8680419921875	99.04795837402344
1440.0	2059.0	-265.7394104003906	98.59806823730469
1440.0	2061.0	-261.4714050292969	101.10196685791016
1440.0	2060.0	-261.0442199707031	98.41608428955078
1440.0	2066.0	-265.9356384277344	96.80327606201172
1464.0	0.0	-264.8680419921875	99.04801177978516
1464.0	2059.0	-265.8564758300781	98.89934539794922
1464.0	2061.0	-261.47393798828125	101.106201171875
1464.0	2060.0	-261.0383605957031	98.41527557373047
1464.0	2066.0	-265.7213439941406	96.92202758789062
1488.0	0.0	-264.8680419921875	99.04802703857422
1488.0	2059.0	-265.7738037109375	99.30205535888672
1488.0	2061.0	-261.4602966308594	101.1183853149414
1488.0	2060.0	-261.0361022949219	98.41678619384766
1488.0	2066.0	-265.5419616699219	97.0241928100586
1512.0	0.0	-264.8680419921875	99.04808807373047
1512.0	2059.0	-265.8144836425781	99.62895202636719
1512.0	2061.0	-261.46875	101.12081909179688
1512.0	2066.0	-265.58984375	97.3254623413086
1512.0	2060.0	-261.02618408203125	98.41632080078125
1536.0	0.0	-264.8680419921875	99.04815673828125
1536.0	2061.0	-261.4567565917969	101.12813568115234
1536.0	2066.0	-265.5223083496094	97.40396881103516
1536.0	2068.0	-265.211181640625	96.52689361572266
1536.0	2060.0	-261.0384521484375	98.414794921875
1560.0	0.0	-264.8680419921875	99.0481185913086
1560.0	2061.0	-261.45806884765625	101.1302719116211
1560.0	2066.0	-265.2928771972656	97.70359802246094
1560.0	2068.0	-264.8601379394531	96.87913513183594
1560.0	2060.0	-261.037353515625	98.40941619873047
1560.0	2069.0	-261.5254821777344	97.19406127929688
1584.0	0.0	-264.8680419921875	99.04810333251953
1584.0	2061.0	-261.4610900878906	101.12744140625
1584.0	2066.0	-264.97125244140625	97.74034881591797
1584.0	2068.0	-264.65252685546875	97.6238021850586
1584.0	2070.0	-266.02569580078125	96.71174621582031
1584.0	2071.0	-261.0390930175781	98.39891815185547
1584.0	2069.0	-262.16046142578125	97.59781646728516
1608.0	0.0	-264.8680419921875	99.04804229736328
1608.0	2061.0	-264.08721923828125	99.52307891845703
1608.0	2066.0	-264.7652587890625	97.71823120117188
1608.0	2068.0	-262.7154846191406	94.60413360595703
1608.0	2070.0	-265.82415771484375	96.77375793457031
1608.0	2071.0	-261.0317077636719	98.4071044921875
1608.0	2069.0	-262.4263000488281	97.98883819580078
1632.0	0.0	-264.8680419921875	99.04805755615234
1632.0	2066.0	-264.4246826171875	97.4693832397461
1632.0	2067.0	-264.18438720703125	99.51457977294922
1632.0	2068.0	-261.5247497558594	95.50935363769531
1632.0	2070.0	-265.51904296875	96.9688949584961
1632.0	2069.0	-262.650390625	98.381591796875
1656.0	0.0	-264.8680419921875	99.04801177978516
1656.0	2066.0	-263.9167175292969	97.2914047241211
1656.0	2067.0	-264.1514892578125	99.38565826416016
1656.0	2068.0	-261.1051025390625	97.79600524902344
1656.0	2070.0	-265.18963623046875	97.2431411743164
1656.0	2069.0	-262.7025146484375	98.95211791992188
1680.0	0.0	-264.8680419921875	99.04801177978516
1680.0	2066.0	-263.55029296875	97.16825103759766
1680.0	2067.0	-264.1756286621094	99.16789245605469
1680.0	2068.0	-264.1860656738281	99.03773498535156
1680.0	2070.0	-265.14111328125	97.54451751708984
1680.0	2074.0	-261.4810791015625	101.12174987792969
1680.0	2073.0	-265.9284362792969	96.7762222290039
1704.0	0.0	-264.8680419921875	99.04804229736328
1704.0	2066.0	-263.0635681152344	96.91545867919922
1704.0	2067.0	-260.9729309082031	99.3294677734375
1704.0	2070.0	-264.95428466796875	97.82796478271484
1704.0	2074.0	-263.4295349121094	99.93455505371094
1704.0	2073.0	-265.91131591796875	96.85043334960938
1728.0	0.0	-264.8680419921875	99.04802703857422
1728.0	2066.0	-262.542236328125	96.80742645263672
1728.0	2067.0	-261.02490234375	98.31076049804688
1728.0	2070.0	-264.78643798828125	98.16316223144531
1728.0	2073.0	-265.5361022949219	96.9565200805664
1728.0	2075.0	-261.4001159667969	101.73973846435547
1728.0	2076.0	-266.1805419921875	96.8637924194336
1752.0	0.0	-264.8680419921875	99.0479965209961
1752.0	2066.0	-263.8288879394531	98.1999740600586
1752.0	2067.0	-263.42578125	98.49193572998047
1752.0	2070.0	inf	inf
1752.0	2073.0	-265.32208251953125	97.07284545898438
1752.0	2076.0	-265.94610595703125	96.9502182006836
1752.0	2077.0	-261.4855041503906	101.12516784667969
1776.0	0.0	-264.8680419921875	99.04801177978516
1776.0	2067.0	inf	inf
1776.0	2070.0	inf	inf
1776.0	2073.0	-264.92718505859375	97.14502716064453
1776.0	2076.0	-265.7198486328125	97.11920928955078
1776.0	2077.0	-261.47320556640625	101.13187408447266
1800.0	0.0	-264.8680419921875	99.0479965209961
1800.0	2070.0	inf	inf
1800.0	2073.0	-264.77838134765625	97.20277404785156
1800.0	2076.0	-265.54400634765625	97.37905883789062
1800.0	2077.0	-261.4739074707031	101.13299560546875
1800.0	2080.0	-263.3550720214844	98.0700454711914
1824.0	0.0	-264.8680419921875	99.04804229736328
1824.0	2070.0	-264.17572021484375	99.24219512939453
1824.0	2073.0	-264.5063171386719	97.52454376220703
1824.0	2076.0	-265.4692077636719	97.6607666015625
1824.0	2080.0	-263.2107238769531	97.98066711425781
1848.0	0.0	-264.8680419921875	99.04804229736328
1848.0	2070.0	-264.0334777832031	99.71852111816406
1848.0	2073.0	-264.3563537597656	97.5723876953125
1848.0	2076.0	-265.3811340332031	98.09257507324219
1848.0	2080.0	-263.1129150390625	98.02165222167969
1848.0	2082.0	-261.0326843261719	98.41326904296875
1872.0	0.0	-264.8680419921875	99.0480728149414
1872.0	2073.0	-263.965576171875	97.46517944335938
1872.0	2076.0	-265.40167236328125	98.51399230957031
1872.0	2080.0	-262.8514404296875	97.8998794555664
1872.0	2082.0	-261.0330810546875	98.41092681884766
1872.0	2083.0	-265.3273010253906	97.30812072753906
1872.0	2084.0	-261.459716796875	101.12520599365234
1896.0	0.0	-264.8680419921875	99.0481185913086
1896.0	2073.0	-263.8689880371094	97.55239868164062
1896.0	2076.0	-265.4746398925781	98.74507141113281
1896.0	2080.0	-262.7569885253906	97.92526245117188
1896.0	2083.0	-265.03240966796875	97.54933166503906
1896.0	2084.0	-261.47027587890625	101.13482666015625
1896.0	2085.0	-265.862548828125	96.54914093017578
1920.0	0.0	-264.8680419921875	99.04818725585938
1920.0	2073.0	-263.82977294921875	97.73017120361328
1920.0	2076.0	inf	-inf
1920.0	2080.0	-262.7992248535156	97.97484588623047
1920.0	2083.0	-264.8353576660156	97.8048095703125
1920.0	2084.0	-261.45587158203125	101.13434600830078
1920.0	2085.0	-265.66888427734375	96.49945068359375
1944.0	0.0	-264.8680419921875	99.04813385009766
1944.0	2073.0	-263.96240234375	98.06571960449219
1944.0	2076.0	-266.5101623535156	99.57197570800781
1944.0	2080.0	-262.8689880371094	98.12000274658203
1944.0	2083.0	-264.7322998046875	98.18797302246094
1944.0	2084.0	-261.4565124511719	101.13152313232422
1944.0	2085.0	-265.2177734375	96.24629974365234
1968.0	0.0	-264.8680419921875	99.04814147949219
1968.0	2073.0	-263.7237854003906	98.44841766357422
1968.0	2080.0	-262.71240234375	98.3296890258789
1968.0	2083.0	-264.5428161621094	98.3847885131836
1968.0	2084.0	-261.457763671875	101.12975311279297
1968.0	2087.0	-265.81182861328125	97.05976867675781
1968.0	2085.0	-264.7845153808594	98.20237731933594
1992.0	0.0	-264.8680419921875	99.0481185913086
1992.0	2073.0	-264.15509033203125	98.80548095703125
1992.0	2083.0	inf	inf
1992.0	2084.0	-261.459716796875	101.12521362304688
1992.0	2087.0	-265.4790344238281	97.21173858642578
1992.0	2089.0	-266.24774169921875	96.65815734863281
1992.0	2085.0	-264.3380126953125	96.37456512451172
2016.0	0.0	-264.8680419921875	99.04813385009766
2016.0	2073.0	-264.1667785644531	98.90856170654297
2016.0	2083.0	inf	inf
2016.0	2084.0	-261.4587707519531	101.12370300292969
2016.0	2087.0	-265.39935302734375	97.2745361328125
2016.0	2089.0	-266.0388488769531	96.89299011230469
2016.0	2085.0	-264.1533508300781	96.36200714111328
2040.0	0.0	-264.8680419921875	99.0480728149414
2040.0	2083.0	inf	inf
2040.0	2084.0	-261.4434814453125	101.1369857788086
2040.0	2087.0	-265.0107116699219	97.32633972167969
2040.0	2089.0	-265.9018249511719	96.64324951171875
2040.0	2085.0	-263.80096435546875	96.40801239013672
2040.0	2073.0	-264.1452941894531	99.028564453125
2064.0	0.0	-264.8680419921875	99.04805755615234
2064.0	2083.0	inf	inf
2064.0	2084.0	-261.4386291503906	101.16036987304688
2064.0	2087.0	-264.86224365234375	97.54480743408203
2064.0	2089.0	-265.7072448730469	96.50249481201172
2064.0	2085.0	-263.5447082519531	96.23638916015625
2064.0	2073.0	-263.96636962890625	99.20210266113281
2088.0	0.0	-264.8680419921875	99.0480728149414
2088.0	2083.0	inf	inf
2088.0	2084.0	-261.4619140625	101.1790771484375
2088.0	2087.0	-264.7110290527344	97.5947494506836
2088.0	2089.0	-265.4004211425781	96.55056762695312
2088.0	2085.0	-263.3644104003906	96.22389221191406
2088.0	2073.0	-263.6565856933594	99.4026107788086
2112.0	0.0	-264.8680419921875	99.04805755615234
2112.0	2083.0	inf	inf
2112.0	2084.0	-264.1147155761719	99.51966094970703
2112.0	2087.0	-264.5565185546875	97.80650329589844
2112.0	2089.0	-265.29351806640625	96.55854034423828
2112.0	2085.0	-263.0898132324219	95.99234008789062
2112.0	2073.0	-264.2044982910156	99.26245880126953
2112.0	2092.0	-266.1284484863281	96.57515716552734
2136.0	0.0	-264.8680419921875	99.0480728149414
2136.0	2083.0	-inf	inf
2136.0	2087.0	-264.4207458496094	98.0104751586914
2136.0	2089.0	-264.83294677734375	96.45670318603516
2136.0	2073.0	-inf	inf
2136.0	2092.0	-265.9462890625	96.49917602539062
2160.0	0.0	-264.8680419921875	99.04810333251953
2160.0	2083.0	-263.2644958496094	100.37864685058594
2160.0	2087.0	-261.29913330078125	95.59107971191406
2160.0	2089.0	-264.05950927734375	95.00556945800781
2160.0	2092.0	-265.7614440917969	95.10468292236328
2160.0	2093.0	-266.5885009765625	95.20764923095703
2160.0	2094.0	-264.1863098144531	99.0648193359375
2184.0	0.0	-264.8680419921875	99.0480728149414
2184.0	2087.0	-261.28887939453125	101.03231048583984
2184.0	2089.0	-263.0919494628906	95.42681121826172
2184.0	2092.0	-264.3289489746094	95.91258239746094
2184.0	2093.0	-264.8788757324219	95.40865325927734
2184.0	2098.0	-265.8997497558594	97.10162353515625
2184.0	2099.0	-264.1856994628906	99.6927261352539
2208.0	0.0	-264.8680419921875	99.04813385009766
2208.0	2089.0	-262.64361572265625	95.02941131591797
2208.0	2092.0	-263.6584167480469	95.93757629394531
2208.0	2093.0	-264.218505859375	95.48542785644531
2208.0	2098.0	-265.2988586425781	97.10359191894531
2208.0	2100.0	-263.3968200683594	99.61961364746094
2208.0	2102.0	-261.4730224609375	101.20716094970703
2208.0	2101.0	-261.0243225097656	98.4278793334961
2232.0	0.0	-264.8680419921875	99.0480728149414
2232.0	2092.0	-263.1834716796875	95.85358428955078
2232.0	2093.0	-264.2542724609375	97.02129364013672
2232.0	2098.0	-265.00177001953125	97.1189956665039
2232.0	2100.0	-263.3910217285156	99.6729965209961
2232.0	2102.0	-263.4682922363281	99.97135925292969
2232.0	2104.0	-266.0625915527344	96.72343444824219
2256.0	0.0	-264.8680419921875	99.04804229736328
2256.0	2093.0	-264.0182800292969	96.93267822265625
2256.0	2098.0	-264.51226806640625	97.14122772216797
2256.0	2100.0	-263.607666015625	99.91351318359375
2256.0	2104.0	-265.7356262207031	96.63568115234375
2280.0	0.0	-264.8680419921875	99.0480728149414
2280.0	2098.0	-264.087646484375	97.0107192993164
2280.0	2100.0	-263.7314453125	99.93871307373047
2280.0	2104.0	-265.3292236328125	96.5547103881836
2280.0	2106.0	-261.03997802734375	98.40559387207031
2280.0	2092.0	-262.34307861328125	95.27098083496094
2304.0	0.0	-264.8680419921875	99.04810333251953
2304.0	2098.0	-263.7991027832031	96.82844543457031
2304.0	2104.0	-264.88427734375	96.38654327392578
2304.0	2106.0	-261.0291748046875	98.3984603881836
2304.0	2107.0	-261.4268798828125	101.50346374511719
2328.0	0.0	-264.8680419921875	99.0480728149414
2328.0	2098.0	-263.3661804199219	96.58181762695312
2328.0	2104.0	-264.34918212890625	96.25021362304688
2328.0	2106.0	-261.03759765625	98.40777587890625
2328.0	2107.0	-261.4014587402344	101.44990539550781
2352.0	0.0	-264.8680419921875	99.04802703857422
2352.0	2098.0	-263.032470703125	96.3884506225586
2352.0	2104.0	-263.9397277832031	96.14112854003906
2352.0	2106.0	-261.0345764160156	98.40189361572266
2352.0	2107.0	-261.3505859375	101.36382293701172
2352.0	2110.0	-263.4460144042969	96.15736389160156
2352.0	2111.0	-266.1923828125	96.54297637939453
2376.0	0.0	-264.8680419921875	99.04805755615234
2376.0	2098.0	-262.6778564453125	96.02703094482422
2376.0	2106.0	-261.0384826660156	98.4026107788086
2376.0	2107.0	-261.3395080566406	101.33594512939453
2376.0	2111.0	-265.83380126953125	96.48220825195312
2376.0	2104.0	-263.47259521484375	95.9197006225586
2400.0	0.0	-264.8680419921875	99.04808807373047
2400.0	2098.0	-262.2010192871094	95.4319076538086
2400.0	2106.0	-261.0423583984375	98.40331268310547
2400.0	2107.0	-261.3453369140625	101.32659912109375
2400.0	2111.0	-265.4794616699219	96.34273529052734
2400.0	2104.0	-263.0819396972656	95.54134368896484
2424.0	0.0	-264.8680419921875	99.04808807373047
2424.0	2098.0	-261.959716796875	95.0456771850586
2424.0	2106.0	-261.0359802246094	98.40543365478516
2424.0	2107.0	-261.34954833984375	101.33305358886719
2424.0	2111.0	-264.9544677734375	96.24981689453125
2424.0	2104.0	-262.7541809082031	95.0830307006836
2448.0	0.0	-264.8680419921875	99.04810333251953
2448.0	2098.0	-262.06646728515625	94.96794891357422
2448.0	2106.0	-261.03668212890625	98.4013900756836
2448.0	2107.0	-261.3503112792969	101.33429718017578
2448.0	2111.0	-264.5470275878906	96.18247985839844
2448.0	2104.0	-262.6639709472656	94.76651763916016
2448.0	2112.0	-266.1903076171875	96.71434783935547
2472.0	0.0	-264.8680419921875	99.04814147949219
2472.0	2098.0	-262.2693786621094	94.84039306640625
2472.0	2106.0	-261.0420837402344	98.40507507324219
2472.0	2107.0	-261.3450622558594	101.33723449707031
2472.0	2111.0	-264.160888671875	96.06119537353516
2472.0	2112.0	-265.99676513671875	96.7610092163086
2472.0	2104.0	-262.6766662597656	94.60816955566406
2496.0	0.0	-264.8680419921875	99.04810333251953
2496.0	2106.0	-261.033935546875	98.40580749511719
2496.0	2107.0	-261.337890625	101.34087371826172
2496.0	2111.0	-263.5516662597656	96.009521484375
2496.0	2112.0	-265.4803771972656	96.65048217773438
2520.0	0.0	-264.8680419921875	99.04808807373047
2520.0	2106.0	-261.0328674316406	98.40026092529297
2520.0	2107.0	-261.34228515625	101.34025573730469
2520.0	2111.0	-263.1612243652344	95.77494049072266
2520.0	2112.0	-265.06927490234375	96.38809204101562
2520.0	2114.0	-265.97235107421875	96.93650817871094
2544.0	0.0	-264.8680419921875	99.04810333251953
2544.0	2106.0	-261.0472412109375	98.41011810302734
2544.0	2107.0	-261.34259033203125	101.33708190917969
2544.0	2111.0	-262.7042236328125	95.35380554199219
2544.0	2112.0	-264.413330078125	96.28773498535156
2544.0	2114.0	-265.79803466796875	96.65176391601562
2568.0	0.0	-264.8680419921875	99.04805755615234
2568.0	2106.0	-261.03515625	98.3984375
2568.0	2107.0	-261.3475036621094	101.33723449707031
2568.0	2111.0	-262.31878662109375	94.99600219726562
2568.0	2112.0	-263.8031005859375	96.04794311523438
2568.0	2114.0	-265.36663818359375	96.63540649414062
2592.0	0.0	-264.8680419921875	99.04804229736328
2592.0	2106.0	-261.0481262207031	98.4047622680664
2592.0	2107.0	-261.346435546875	101.33561706542969
2592.0	2111.0	-262.15277099609375	94.91227722167969
2592.0	2112.0	-263.3686828613281	95.76258850097656
2592.0	2114.0	-265.06903076171875	96.45378112792969
2592.0	2115.0	-266.11309814453125	96.60774230957031
2616.0	0.0	-264.8680419921875	99.04792785644531
2616.0	2106.0	-261.032470703125	98.40247344970703
2616.0	2107.0	-261.34747314453125	101.33338928222656
2616.0	2112.0	-262.9144592285156	95.38616180419922
2616.0	2114.0	-264.6127014160156	96.48098754882812
2616.0	2115.0	-265.89300537109375	96.57426452636719
2640.0	0.0	-264.8680419921875	99.04801177978516
2640.0	2106.0	-261.0343933105469	98.40299224853516
2640.0	2107.0	-261.34735107421875	101.33326721191406
2640.0	2112.0	-262.5978698730469	94.89009094238281
2640.0	2114.0	-264.07281494140625	96.46190643310547
2640.0	2115.0	-265.494873046875	96.60758209228516
2664.0	0.0	-264.8680419921875	99.04808807373047
2664.0	2106.0	-261.0281982421875	98.40418243408203
2664.0	2107.0	-261.3418273925781	101.3321762084961
2664.0	2114.0	-263.65576171875	96.37673950195312
2664.0	2115.0	-265.2332458496094	96.64403533935547
2664.0	2116.0	-265.90948486328125	96.90702819824219
2688.0	0.0	-264.8680419921875	99.0480728149414
2688.0	2106.0	-261.0320129394531	98.40535736083984
2688.0	2107.0	-261.332763671875	101.34028625488281
2688.0	2114.0	-263.2044982910156	96.25902557373047
2688.0	2115.0	-264.8285827636719	96.63877868652344
2688.0	2116.0	-265.599853515625	97.1351089477539
2712.0	0.0	-264.8680419921875	99.04802703857422
2712.0	2106.0	-261.04058837890625	98.40205383300781
2712.0	2107.0	-261.3313293457031	101.34908294677734
2712.0	2114.0	-262.67578125	96.22865295410156
2712.0	2115.0	-264.4644775390625	96.61167907714844
2712.0	2116.0	-265.375	97.43910217285156
2736.0	0.0	-264.8680419921875	99.04802703857422
2736.0	2106.0	-261.03265380859375	98.40141296386719
2736.0	2107.0	-261.3330078125	101.34791564941406
2736.0	2109.0	-261.8736267089844	101.92333221435547
2736.0	2114.0	-262.2208557128906	96.16854095458984
2736.0	2115.0	-264.1423645019531	96.4914321899414
2736.0	2116.0	-264.9764099121094	97.74231719970703
2736.0	2117.0	-266.2545471191406	96.5665283203125
2760.0	0.0	-264.8680419921875	99.04791259765625
2760.0	2106.0	-261.023681640625	98.39955139160156
2760.0	2107.0	-261.3362121582031	101.34912109375
2760.0	2109.0	-261.83770751953125	101.86917114257812
2760.0	2114.0	-261.77532958984375	96.1659927368164
2760.0	2115.0	-264.4018859863281	97.94281768798828
2760.0	2116.0	-264.68701171875	97.91792297363281
2760.0	2117.0	-266.23138427734375	96.43050384521484
2784.0	0.0	-264.8680419921875	99.04796600341797
2784.0	2106.0	-261.03228759765625	98.40352630615234
2784.0	2107.0	-261.3354797363281	101.34066772460938
2784.0	2109.0	-261.8207702636719	101.84356689453125
2784.0	2114.0	-261.33013916015625	96.14054107666016
2784.0	2116.0	-264.4394836425781	98.1085205078125
2784.0	2117.0	-266.163330078125	96.39537048339844
2808.0	0.0	-264.8680419921875	99.04796600341797
2808.0	2106.0	-261.02825927734375	98.40374755859375
2808.0	2107.0	-261.3428039550781	101.34095764160156
2808.0	2109.0	-261.8092956542969	101.82804107666016
2808.0	2116.0	-264.2413635253906	98.35291290283203
2808.0	2117.0	-265.941162109375	96.4486312866211
2808.0	2118.0	-266.1045837402344	96.9266357421875
2832.0	0.0	-264.8680419921875	99.04794311523438
2832.0	2106.0	-261.0304870605469	98.39054870605469
2832.0	2107.0	-261.34149169921875	101.33889770507812
2832.0	2109.0	-261.8073425292969	101.83478546142578
2832.0	2116.0	-264.1676330566406	98.6678237915039
2832.0	2117.0	-265.6129455566406	96.89717102050781
2832.0	2118.0	-265.92327880859375	97.05543518066406
2832.0	2119.0	-262.7209167480469	95.6927719116211
2856.0	0.0	-264.8680419921875	99.04789733886719
2856.0	2107.0	-261.3407897949219	101.3341064453125
2856.0	2109.0	-261.8100891113281	101.83917999267578
2856.0	2116.0	-264.0299987792969	98.93303680419922
2856.0	2118.0	-265.588623046875	97.15572357177734
2856.0	2119.0	-262.37713623046875	95.30583190917969
2856.0	2117.0	-265.3550109863281	96.76213073730469
2856.0	2120.0	-265.9759216308594	97.29971313476562
2880.0	0.0	-264.8680419921875	99.04791259765625
2880.0	2107.0	-264.0511474609375	99.57805633544922
2880.0	2109.0	-261.8161315917969	101.83842468261719
2880.0	2116.0	-260.9584655761719	100.01934051513672
2880.0	2118.0	-265.3789978027344	97.28911590576172
2880.0	2119.0	-262.17205810546875	94.89718627929688
2880.0	2120.0	-266.12054443359375	97.01835632324219
2880.0	2121.0	-261.4914245605469	97.25235748291016
2904.0	0.0	-264.8680419921875	99.04789733886719
2904.0	2116.0	-263.7446594238281	99.92588806152344
2904.0	2118.0	-265.1451110839844	97.51498413085938
2904.0	2119.0	-262.24688720703125	94.85411834716797
2904.0	2120.0	-265.8238830566406	97.18712615966797
2904.0	2117.0	-264.9477844238281	97.24532318115234
2904.0	2122.0	-261.0403747558594	98.41504669189453
2904.0	2121.0	-261.4710388183594	97.30339050292969
2928.0	0.0	-264.8680419921875	99.04789733886719
2928.0	2118.0	-264.99554443359375	97.56591033935547
2928.0	2119.0	-262.36041259765625	94.7852554321289
2928.0	2120.0	-265.63909912109375	97.46791076660156
2928.0	2122.0	-261.02197265625	98.40534210205078
2928.0	2123.0	-261.3280334472656	101.33647918701172
2928.0	2124.0	-265.97552490234375	97.45101928710938
2952.0	0.0	-264.8680419921875	99.04788208007812
2952.0	2118.0	-264.623779296875	97.67333221435547
2952.0	2119.0	-262.5399169921875	94.68898010253906
2952.0	2120.0	-265.54864501953125	97.77005767822266
2952.0	2122.0	-261.0398254394531	98.40634155273438
2952.0	2123.0	-261.324951171875	101.35376739501953
2952.0	2125.0	-261.82476806640625	101.84783935546875
2976.0	0.0	-264.8680419921875	99.04788208007812
2976.0	2118.0	-264.5114440917969	97.6467514038086
2976.0	2120.0	-266.03662109375	97.33480834960938
2976.0	2122.0	-261.02978515625	98.40644073486328
2976.0	2123.0	-261.32354736328125	101.35159301757812
2976.0	2125.0	-261.8205871582031	101.85213470458984
2976.0	2119.0	-262.6451416015625	94.625732421875
3000.0	0.0	-264.8680419921875	99.04791259765625
3000.0	2118.0	-264.2559509277344	97.58938598632812
3000.0	2120.0	-265.7095947265625	98.47892761230469
3000.0	2122.0	-261.0440673828125	98.40498352050781
3000.0	2123.0	-261.33489990234375	101.34337615966797
3000.0	2125.0	-261.8243408203125	101.85921478271484
3000.0	2126.0	-264.5080261230469	97.42361450195312
3000.0	2127.0	-265.6380920410156	97.41808319091797
3024.0	0.0	-264.8680419921875	99.04794311523438
3024.0	2118.0	-264.0793762207031	97.44269561767578
3024.0	2120.0	-266.5909423828125	98.69049072265625
3024.0	2122.0	-261.03607177734375	98.40482330322266
3024.0	2123.0	-261.33319091796875	101.33341979980469
3024.0	2125.0	-261.8189697265625	101.86068725585938
3024.0	2126.0	-264.4124450683594	97.34422302246094
3024.0	2127.0	-265.5190734863281	97.53860473632812
3024.0	2128.0	-265.70526123046875	97.66401672363281
3048.0	0.0	-264.8680419921875	99.04796600341797
3048.0	2118.0	-263.98712158203125	97.54866790771484
3048.0	2120.0	-266.5408020019531	99.32573699951172
3048.0	2122.0	-261.0491943359375	98.41014862060547
3048.0	2123.0	-261.3350524902344	101.32526397705078
3048.0	2125.0	-261.81781005859375	101.85218048095703
3048.0	2126.0	-264.3210144042969	97.48943328857422
3048.0	2127.0	-265.5811462402344	97.74202728271484
3072.0	0.0	-264.8680419921875	99.04796600341797
3072.0	2118.0	-263.78948974609375	97.49500274658203
3072.0	2120.0	-266.461669921875	99.97863006591797
3072.0	2122.0	-261.0284423828125	98.40254974365234
3072.0	2123.0	-261.33709716796875	101.32109069824219
3072.0	2125.0	-261.814697265625	101.85765075683594
3072.0	2126.0	-264.1746520996094	97.30729675292969
3072.0	2127.0	-265.693359375	98.09026336669922
3072.0	2130.0	-265.7262878417969	97.41423797607422
3096.0	0.0	-264.8680419921875	99.04794311523438
3096.0	2118.0	-263.6649475097656	97.40021514892578
3096.0	2122.0	-261.0357360839844	98.4068832397461
3096.0	2123.0	-261.3446350097656	101.34370422363281
3096.0	2125.0	-261.8108215332031	101.8533935546875
3096.0	2126.0	-264.0489807128906	97.27642059326172
3096.0	2127.0	-265.7093200683594	98.3384780883789
3096.0	2130.0	-265.63775634765625	97.53703308105469
3120.0	0.0	-264.8680419921875	99.04794311523438
3120.0	2118.0	-263.6553039550781	97.4534683227539
3120.0	2122.0	-261.0337829589844	98.40660095214844
3120.0	2123.0	-261.3408203125	101.34516906738281
3120.0	2125.0	-261.8215026855469	101.84590148925781
3120.0	2126.0	-263.9613037109375	97.24768829345703
3120.0	2127.0	-265.85699462890625	98.57432556152344
3120.0	2130.0	-265.6401672363281	97.74337768554688
3120.0	2131.0	-265.42633056640625	96.58068084716797
3144.0	0.0	-264.8680419921875	99.04801177978516
3144.0	2118.0	-263.527099609375	97.47480010986328
3144.0	2122.0	-261.0271911621094	98.39818572998047
3144.0	2123.0	-261.35296630859375	101.34190368652344
3144.0	2125.0	-261.81292724609375	101.84542083740234
3144.0	2126.0	-263.8767395019531	97.36261749267578
3144.0	2127.0	-266.0274353027344	98.70230865478516
3144.0	2130.0	-265.6524658203125	97.8979721069336
3144.0	2131.0	-265.02838134765625	96.4974365234375
3144.0	2132.0	-265.6780700683594	96.10980987548828
3168.0	0.0	-264.8680419921875	99.04804229736328
3168.0	2118.0	-263.5335693359375	97.53999328613281
3168.0	2123.0	-261.3373718261719	101.30790710449219
3168.0	2125.0	-261.8166198730469	101.85236358642578
3168.0	2126.0	-263.83807373046875	97.4020004272461
3168.0	2127.0	-265.90850830078125	99.06242370605469
3168.0	2130.0	-265.748779296875	98.20909118652344
3168.0	2131.0	-264.7228088378906	96.45246887207031
3168.0	2133.0	-265.7808837890625	97.01236724853516
3168.0	2132.0	-265.210693359375	95.93126678466797
3168.0	2122.0	-261.030029296875	98.4051742553711
3192.0	0.0	-264.8680419921875	99.04801177978516
3192.0	2118.0	-263.4371032714844	97.53614807128906
3192.0	2123.0	-261.3362731933594	101.18385314941406
3192.0	2125.0	-261.81561279296875	101.83956909179688
3192.0	2126.0	-263.7518310546875	97.3504409790039
3192.0	2127.0	-266.1063232421875	99.29304504394531
3192.0	2130.0	-265.7486267089844	98.39163208007812
3192.0	2131.0	-264.3624267578125	96.32295989990234
3192.0	2133.0	-265.5428771972656	97.17839050292969
3192.0	2122.0	-261.0283508300781	98.40323638916016
3216.0	0.0	-264.8680419921875	99.04805755615234
3216.0	2118.0	-263.3014831542969	97.384765625
3216.0	2123.0	-261.47412109375	101.05591583251953
3216.0	2125.0	-261.8092041015625	101.84722137451172
3216.0	2126.0	-263.6453552246094	97.27828216552734
3216.0	2127.0	-266.2870788574219	99.58656311035156
3216.0	2130.0	-265.878662109375	98.6888656616211
3216.0	2131.0	-264.02227783203125	96.1535415649414
3216.0	2133.0	-265.1799621582031	97.15621185302734
3216.0	2136.0	-266.11981201171875	96.85446166992188
3216.0	2122.0	-261.0328674316406	98.40023040771484
3216.0	2137.0	-264.41680908203125	95.5697250366211
3240.0	0.0	-264.8680419921875	99.04804229736328
3240.0	2118.0	-263.27923583984375	97.37283325195312
3240.0	2123.0	-261.6919250488281	100.9797592163086
3240.0	2125.0	-261.81207275390625	101.8386459350586
3240.0	2126.0	-263.6091003417969	97.29405975341797
3240.0	2127.0	-266.0740966796875	99.89893341064453
3240.0	2130.0	-265.9147033691406	98.93667602539062
3240.0	2131.0	-263.63916015625	96.0615005493164
3240.0	2133.0	-264.845703125	97.06890106201172
3240.0	2136.0	-265.85943603515625	96.74473571777344
3264.0	0.0	-264.8680419921875	99.04802703857422
3264.0	2118.0	-263.35455322265625	97.50183868408203
3264.0	2123.0	-261.7843017578125	100.93154907226562
3264.0	2125.0	-261.802978515625	101.84491729736328
3264.0	2126.0	-263.6228332519531	97.33833312988281
3264.0	2130.0	-265.8955383300781	99.19418334960938
3264.0	2131.0	-263.638427734375	96.53073120117188
3264.0	2133.0	-264.5816650390625	96.95183563232422
3264.0	2136.0	-265.43603515625	96.52969360351562
3264.0	2138.0	-266.11480712890625	96.95252227783203
3288.0	0.0	-264.8680419921875	99.0479965209961
3288.0	2118.0	-263.3103942871094	97.58106231689453
3288.0	2123.0	-261.80462646484375	100.92255401611328
3288.0	2125.0	-261.810546875	101.85448455810547
3288.0	2126.0	-263.5966491699219	97.35195922851562
3288.0	2130.0	-265.8921203613281	99.49271392822266
3288.0	2131.0	-263.5820617675781	96.63278198242188
3288.0	2133.0	-264.2120666503906	96.75640869140625
3288.0	2136.0	-265.08758544921875	96.35133361816406
3288.0	2138.0	-265.92181396484375	96.96039581298828
3312.0	0.0	-264.8680419921875	99.04802703857422
3312.0	2118.0	-263.1679992675781	97.55453491210938
3312.0	2123.0	-261.7807922363281	100.95252990722656
3312.0	2125.0	-261.8125	101.8508071899414
3312.0	2126.0	-263.4902038574219	97.22185516357422
3312.0	2130.0	-266.45654296875	100.0379867553711
3312.0	2131.0	-263.5328674316406	96.68944549560547
3312.0	2133.0	-263.9184265136719	96.47616577148438
3312.0	2136.0	-264.8200988769531	96.2388687133789
3312.0	2138.0	-265.7154235839844	97.00918579101562
3312.0	2139.0	-261.0299987792969	98.40531158447266
3336.0	0.0	-264.8680419921875	99.04805755615234
3336.0	2118.0	-263.08477783203125	97.63811492919922
3336.0	2123.0	-261.66876220703125	100.93853759765625
3336.0	2125.0	-261.8105163574219	101.85449981689453
3336.0	2126.0	-263.07958984375	96.65184783935547
3336.0	2133.0	-263.6441650390625	96.20691680908203
3336.0	2136.0	-264.4844665527344	96.069091796875
3336.0	2138.0	-265.41204833984375	97.15010833740234
3336.0	2141.0	-266.1716003417969	96.9188003540039
3336.0	2139.0	-261.04248046875	98.40259552001953
3360.0	0.0	-264.8680419921875	99.04804229736328
3360.0	2118.0	-262.9932556152344	97.7666015625
3360.0	2123.0	-261.7042541503906	100.95923614501953
3360.0	2125.0	-261.8094787597656	101.85919952392578
3360.0	2126.0	-263.1084289550781	96.71119689941406
3360.0	2133.0	-263.59808349609375	96.34827423095703
3360.0	2136.0	-264.2185974121094	95.95803833007812
3360.0	2138.0	-265.0851135253906	97.15758514404297
3360.0	2141.0	-265.93426513671875	96.84371948242188
3384.0	0.0	-264.8680419921875	99.0480728149414
3384.0	2118.0	-263.1249694824219	97.8820571899414
3384.0	2123.0	-261.6646423339844	100.90001678466797
3384.0	2125.0	-261.8088073730469	101.85266876220703
3384.0	2126.0	-263.1492004394531	96.76712799072266
3384.0	2133.0	-263.5665588378906	96.49903869628906
3384.0	2136.0	-263.9755554199219	95.89234924316406
3384.0	2138.0	-264.9476013183594	97.23839569091797
3384.0	2141.0	-265.7405090332031	96.82339477539062
3384.0	2139.0	-261.03509521484375	98.39884948730469
3408.0	0.0	-264.8680419921875	99.04810333251953
3408.0	2118.0	-263.20953369140625	97.83015441894531
3408.0	2123.0	-261.567138671875	100.87925720214844
3408.0	2125.0	-261.8144836425781	101.85887145996094
3408.0	2126.0	-263.12933349609375	96.76445007324219
3408.0	2136.0	-263.62774658203125	95.86363983154297
3408.0	2138.0	-264.5469665527344	97.48865509033203
3408.0	2141.0	-265.34454345703125	96.74115753173828
3408.0	2139.0	-261.0369567871094	98.39974975585938
3432.0	0.0	-264.8680419921875	99.0481185913086
3432.0	2118.0	-263.1475524902344	97.74272155761719
3432.0	2123.0	-261.4762268066406	100.85570526123047
3432.0	2125.0	-261.81854248046875	101.85453033447266
3432.0	2126.0	-263.54620361328125	97.32760620117188
3432.0	2138.0	-264.3255920410156	97.72927856445312
3432.0	2141.0	-265.1097717285156	96.69686889648438
3432.0	2139.0	-261.0411071777344	98.39894104003906
3432.0	2142.0	-266.050048828125	96.88771057128906
3456.0	0.0	-264.8680419921875	99.04810333251953
3456.0	2118.0	-263.6863708496094	98.11624908447266
3456.0	2123.0	-261.42327880859375	100.84832763671875
3456.0	2125.0	-261.8165588378906	101.85529327392578
3456.0	2138.0	-264.1129150390625	97.94820404052734
3456.0	2141.0	-264.7220153808594	96.50868225097656
3456.0	2139.0	-261.0394287109375	98.42109680175781
3456.0	2142.0	-265.74627685546875	96.95391082763672
3480.0	0.0	-264.8680419921875	99.0481185913086
3480.0	2123.0	-261.37213134765625	100.91973876953125
3480.0	2125.0	-261.818603515625	101.85459899902344
3480.0	2138.0	-263.9027099609375	98.36882781982422
3480.0	2141.0	-264.323486328125	96.23884582519531
3480.0	2142.0	-265.44622802734375	97.08842468261719
3480.0	2144.0	-263.11456298828125	96.7608413696289
3480.0	2145.0	-266.2520751953125	96.69234466552734
3504.0	0.0	-264.8680419921875	99.04808807373047
3504.0	2123.0	-261.3851013183594	101.02017211914062
3504.0	2125.0	-261.8111877441406	101.85234069824219
3504.0	2138.0	-263.7409362792969	98.63793182373047
3504.0	2141.0	-263.9455261230469	96.04714965820312
3504.0	2142.0	-265.1141357421875	97.16267395019531
3504.0	2144.0	-263.2314758300781	96.83282470703125
3504.0	2145.0	-266.1506042480469	96.53485107421875
3504.0	2146.0	-263.12371826171875	97.78254699707031
3528.0	0.0	-264.8680419921875	99.04808807373047
3528.0	2123.0	-261.4079895019531	101.04009246826172
3528.0	2125.0	-261.81573486328125	101.8543930053711
3528.0	2138.0	-261.00262451171875	98.54930877685547
3528.0	2141.0	-263.68951416015625	96.32024383544922
3528.0	2142.0	-264.9013366699219	97.23287963867188
3528.0	2144.0	-263.18756103515625	96.84581756591797
3528.0	2145.0	-265.8370361328125	96.27027893066406
3528.0	2146.0	-263.0564880371094	97.95909881591797
3552.0	0.0	-264.8680419921875	99.0480728149414
3552.0	2123.0	-261.40325927734375	100.9872817993164
3552.0	2125.0	-261.814453125	101.85881042480469
3552.0	2138.0	-263.4738464355469	99.23332214355469
3552.0	2142.0	-264.577392578125	97.38156127929688
3552.0	2144.0	-263.1714172363281	96.8658218383789
3552.0	2145.0	-265.4453125	96.10054016113281
3552.0	2146.0	-263.09344482421875	98.1078109741211
3552.0	2141.0	-263.5828857421875	96.56767272949219
3576.0	0.0	-264.8680419921875	99.04804229736328
3576.0	2123.0	-263.3171691894531	99.91722106933594
3576.0	2125.0	-261.80743408203125	101.86280822753906
3576.0	2138.0	-263.111083984375	99.64533233642578
3576.0	2142.0	-264.36102294921875	97.43204498291016
3576.0	2144.0	-263.20428466796875	96.86567687988281
3576.0	2145.0	-265.1380310058594	95.95829010009766
3576.0	2146.0	-263.09173583984375	98.09821319580078
3576.0	2148.0	-266.0856628417969	96.48942565917969
3600.0	0.0	-264.8680419921875	99.04802703857422
3600.0	2125.0	-263.3073425292969	100.47704315185547
3600.0	2138.0	-263.11090087890625	100.0151138305664
3600.0	2142.0	-264.1236572265625	97.5267105102539
3600.0	2144.0	-263.16693115234375	96.86925506591797
3600.0	2145.0	-264.6862487792969	95.79159545898438
3600.0	2146.0	-263.0595703125	98.07388305664062
3600.0	2148.0	-265.7611083984375	96.24321746826172
3624.0	0.0	-264.8680419921875	99.04804229736328
3624.0	2138.0	-263.0498046875	100.47552490234375
3624.0	2142.0	-264.07183837890625	97.810791015625
3624.0	2145.0	-264.27679443359375	95.70646667480469
3624.0	2146.0	-263.014404296875	98.03651428222656
3624.0	2148.0	-265.4823303222656	96.18566131591797
3624.0	2149.0	-266.2015380859375	96.5246353149414
3648.0	0.0	-264.8680419921875	99.04808807373047
3648.0	2142.0	-264.01251220703125	98.0588607788086
3648.0	2145.0	-263.9120788574219	95.68795013427734
3648.0	2146.0	-262.9874572753906	98.0162582397461
3648.0	2148.0	-265.2335205078125	96.120849609375
3648.0	2149.0	-265.917236328125	96.50367736816406
3648.0	2150.0	-261.40069580078125	100.98031616210938
3648.0	2151.0	-262.292236328125	98.17962646484375
3672.0	0.0	-264.8680419921875	99.0480728149414
3672.0	2142.0	-263.9571228027344	98.33381652832031
3672.0	2145.0	-263.3733825683594	95.4854965209961
3672.0	2148.0	-264.8569030761719	96.02224731445312
3672.0	2149.0	-265.6488342285156	96.46311950683594
3672.0	2150.0	-261.3999328613281	100.9707260131836
3672.0	2151.0	-262.5173034667969	98.53216552734375
3672.0	2152.0	-261.7933044433594	101.86698150634766
3696.0	0.0	-264.8680419921875	99.0480728149414
3696.0	2142.0	-264.0217590332031	98.49568939208984
3696.0	2145.0	-263.49884033203125	96.30976104736328
3696.0	2148.0	-264.59423828125	96.00047302246094
3696.0	2149.0	-265.42755126953125	96.39820098876953
3696.0	2150.0	-261.4059143066406	100.97323608398438
3696.0	2151.0	-262.6654052734375	98.85639953613281
3696.0	2152.0	-261.8064270019531	101.863525390625
3720.0	0.0	-264.8680419921875	99.04805755615234
3720.0	2142.0	-264.1261901855469	98.76249694824219
3720.0	2145.0	-263.3445129394531	96.2503662109375
3720.0	2148.0	-264.34332275390625	96.26904296875
3720.0	2149.0	-265.130615234375	96.34651184082031
3720.0	2150.0	-261.4228515625	100.9625473022461
3720.0	2151.0	-262.8023681640625	99.24608612060547
3720.0	2152.0	-261.7921142578125	101.85677337646484
3720.0	2153.0	-262.8567810058594	96.43495178222656
3744.0	0.0	-264.8680419921875	99.04810333251953
3744.0	2142.0	-264.181396484375	98.94912719726562
3744.0	2148.0	-264.0206604003906	96.2208251953125
3744.0	2149.0	-264.98321533203125	96.34628295898438
3744.0	2150.0	-261.42083740234375	100.96717071533203
3744.0	2151.0	-262.8432922363281	99.5942153930664
3744.0	2152.0	-261.7934875488281	101.84942626953125
3744.0	2153.0	-262.6448059082031	96.33563232421875
3744.0	2154.0	-266.00689697265625	96.7669906616211
3744.0	2155.0	-263.4538269042969	98.35173034667969
3744.0	2145.0	-263.1470642089844	95.95980072021484
3768.0	0.0	-264.8680419921875	99.04813385009766
3768.0	2142.0	-263.92681884765625	99.1599349975586
3768.0	2148.0	-263.8354187011719	96.15753173828125
3768.0	2149.0	-264.82440185546875	96.2742919921875
3768.0	2151.0	-262.7626647949219	99.9378433227539
3768.0	2152.0	-261.794921875	101.84944152832031
3768.0	2153.0	-262.42730712890625	96.15206909179688
3768.0	2155.0	-263.4908142089844	98.57011413574219
3768.0	2145.0	-263.018310546875	95.6973876953125
3768.0	2154.0	-265.6202087402344	96.71894836425781
3792.0	0.0	-264.8680419921875	99.0481185913086
3792.0	2142.0	-263.8213806152344	99.2822494506836
3792.0	2148.0	-263.57904052734375	96.28411102294922
3792.0	2149.0	-264.6048583984375	96.09991455078125
3792.0	2151.0	-262.9468688964844	100.46920776367188
3792.0	2152.0	-263.1173095703125	100.65849304199219
3792.0	2153.0	-262.0425109863281	95.65787506103516
3792.0	2155.0	-260.9772033691406	98.2031021118164
3792.0	2154.0	-265.3983459472656	96.69347381591797
3816.0	0.0	-264.8680419921875	99.04813385009766
3816.0	2142.0	-263.91595458984375	99.42668151855469
3816.0	2148.0	-263.4618835449219	96.32833099365234
3816.0	2149.0	-264.4052429199219	96.02959442138672
3816.0	2151.0	-262.9511413574219	100.85403442382812
3816.0	2153.0	-262.03643798828125	95.40101623535156
3816.0	2155.0	-263.5458984375	98.95758819580078
3816.0	2156.0	-266.0649108886719	96.82308959960938
3840.0	0.0	-264.8680419921875	99.04814147949219
3840.0	2142.0	-264.00726318359375	99.52436065673828
3840.0	2148.0	-263.29974365234375	96.31226348876953
3840.0	2149.0	-264.1522521972656	96.03218078613281
3840.0	2155.0	-263.5049743652344	99.10977935791016
3840.0	2156.0	-265.81219482421875	97.06584167480469
3840.0	2154.0	-265.0987854003906	96.67369079589844
3840.0	2158.0	-264.05609130859375	99.78504180908203
3864.0	0.0	-264.8680419921875	99.04814147949219
3864.0	2142.0	-264.0325012207031	99.70777130126953
3864.0	2148.0	-263.1229553222656	96.30935668945312
3864.0	2149.0	-263.93096923828125	96.00137329101562
3864.0	2155.0	-263.51654052734375	99.23558807373047
3864.0	2156.0	-265.44097900390625	97.34638214111328
3864.0	2154.0	-264.6549072265625	96.6961441040039
3864.0	2159.0	-266.18096923828125	96.73433685302734
3888.0	0.0	-264.8680419921875	99.04813385009766
3888.0	2148.0	-262.8703308105469	96.20451354980469
3888.0	2149.0	-263.60516357421875	95.82958221435547
3888.0	2155.0	-263.57867431640625	99.34678649902344
3888.0	2156.0	-265.1500244140625	97.67094421386719
3888.0	2161.0	-261.3468322753906	101.11971282958984
3888.0	2159.0	-265.9923095703125	96.75436401367188
3888.0	2160.0	-264.45452880859375	96.67630004882812
3912.0	0.0	-264.8680419921875	99.04813385009766
3912.0	2148.0	-262.7173156738281	96.18436431884766
3912.0	2149.0	-263.2703552246094	95.6340560913086
3912.0	2155.0	-263.5862731933594	99.43938446044922
3912.0	2156.0	-264.89959716796875	98.03677368164062
3912.0	2161.0	-261.37060546875	101.11479187011719
3912.0	2159.0	-265.66900634765625	96.74475860595703
3912.0	2160.0	-264.5824890136719	97.8442611694336
3936.0	0.0	-264.8680419921875	99.04814147949219
3936.0	2148.0	-262.5234375	96.04065704345703
3936.0	2149.0	-264.4338073730469	98.24857330322266
3936.0	2155.0	-263.583251953125	99.53751373291016
3936.0	2156.0	-264.6241760253906	98.27374267578125
3936.0	2161.0	-263.4701843261719	99.87818908691406
3936.0	2159.0	-265.3842468261719	96.80716705322266
3936.0	2162.0	-261.7923278808594	101.84931945800781
3960.0	0.0	-264.8680419921875	99.0481185913086
3960.0	2155.0	-263.5799255371094	99.61283874511719
3960.0	2156.0	-264.43701171875	98.52467346191406
3960.0	2159.0	-265.06341552734375	96.92601776123047
3960.0	2162.0	-261.80999755859375	101.8569107055664
3960.0	2163.0	-261.0349426269531	98.42406463623047
3960.0	2164.0	-265.8817138671875	97.13432312011719
3984.0	0.0	-264.8680419921875	99.04810333251953
3984.0	2155.0	-263.6673889160156	99.81049346923828
3984.0	2156.0	-261.4283752441406	97.33547973632812
3984.0	2159.0	-264.6596984863281	96.92123413085938
3984.0	2162.0	-263.70526123046875	100.12106323242188
3984.0	2164.0	-265.5984191894531	97.19996643066406
4008.0	0.0	-264.8680419921875	99.04810333251953
4008.0	2155.0	-263.696044921875	99.94139099121094
4008.0	2156.0	-264.1635437011719	98.96600341796875
4008.0	2159.0	-264.440673828125	96.84627532958984
4008.0	2164.0	-265.3616638183594	97.31139373779297
4008.0	2165.0	-263.0562438964844	96.20244598388672
4008.0	2166.0	-261.7438049316406	95.30200958251953
4032.0	0.0	-264.8680419921875	99.04813385009766
4032.0	2155.0	-263.65631103515625	100.02206420898438
4032.0	2156.0	-261.0143127441406	98.6752700805664
4032.0	2159.0	-264.3168029785156	96.81964874267578
4032.0	2164.0	-265.29022216796875	97.40667724609375
4032.0	2165.0	-262.98333740234375	96.1114273071289
4032.0	2166.0	-261.7458190917969	95.29533386230469
4056.0	0.0	-264.8680419921875	99.04813385009766
4056.0	2155.0	-263.6810607910156	100.05207824707031
4056.0	2156.0	-261.0104675292969	98.7174301147461
4056.0	2159.0	-264.228515625	96.85169982910156
4056.0	2164.0	-265.2752380371094	97.40289306640625
4056.0	2165.0	-262.968994140625	96.12067413330078
4056.0	2166.0	-261.75067138671875	95.29129028320312
4056.0	2167.0	-266.0546569824219	96.9209976196289
4080.0	0.0	-264.8680419921875	99.04814147949219
4080.0	2155.0	-261.8583068847656	101.92012786865234
4080.0	2156.0	-260.9439392089844	100.09430694580078
4080.0	2159.0	-264.1611633300781	97.2186508178711
4080.0	2164.0	-265.1616516113281	96.51660919189453
4080.0	2167.0	-266.0943603515625	96.4118423461914
4080.0	2168.0	-263.04388427734375	100.07978057861328
4104.0	0.0	-264.8680419921875	99.04810333251953
4104.0	2156.0	-262.825927734375	100.42265319824219
4104.0	2159.0	-263.80255126953125	97.462646484375
4104.0	2164.0	-264.6590881347656	97.94121551513672
4104.0	2171.0	-265.73260498046875	96.27996063232422
4104.0	2172.0	-263.1044006347656	100.66643524169922
4104.0	2167.0	-265.04779052734375	95.0907974243164
4128.0	0.0	-264.8680419921875	99.0481185913086
4128.0	2156.0	-262.83135986328125	100.93965911865234
4128.0	2164.0	-264.34490966796875	98.23860931396484
4128.0	2171.0	-265.3016357421875	96.23526000976562
4128.0	2167.0	-264.131591796875	96.45301818847656
4128.0	2173.0	-261.3222351074219	101.05509185791016
4128.0	2175.0	-265.7725830078125	97.50148010253906
4128.0	2159.0	-264.0610046386719	98.29800415039062
4152.0	0.0	-264.8680419921875	99.04817199707031
4152.0	2164.0	-264.24090576171875	98.52164459228516
4152.0	2171.0	-264.9779968261719	96.40656280517578
4152.0	2167.0	-263.6562805175781	96.45143127441406
4152.0	2173.0	-261.3248596191406	101.10588836669922
4152.0	2175.0	-265.60943603515625	97.45885467529297
4176.0	0.0	-264.8680419921875	99.04814147949219
4176.0	2164.0	-264.0823974609375	98.73749542236328
4176.0	2171.0	-264.642578125	96.4996109008789
4176.0	2167.0	-263.4791259765625	96.3737564086914
4176.0	2173.0	-261.33050537109375	101.12346649169922
4176.0	2175.0	-265.48602294921875	97.41331481933594
4176.0	2176.0	-261.7967529296875	101.84832000732422
4176.0	2177.0	-261.7785949707031	95.27580261230469
4200.0	0.0	-264.8680419921875	99.0481185913086
4200.0	2164.0	-264.0507507324219	98.92998504638672
4200.0	2171.0	-264.40045166015625	96.71487426757812
4200.0	2167.0	-263.33807373046875	96.1904067993164
4200.0	2173.0	-261.3325500488281	101.13480377197266
4200.0	2175.0	-265.4001770019531	97.2765884399414
4200.0	2176.0	-261.80230712890625	101.85438537597656
4200.0	2179.0	-265.7403564453125	97.47848510742188
4200.0	2180.0	-265.12603759765625	96.74369049072266
4200.0	2178.0	-262.9133605957031	96.75408935546875
4224.0	0.0	-264.8680419921875	99.04810333251953
4224.0	2164.0	-263.9444885253906	99.16325378417969
4224.0	2171.0	-264.2383728027344	97.144287109375
4224.0	2173.0	-261.34197998046875	101.12326049804688
4224.0	2175.0	-265.3743896484375	97.28384399414062
4224.0	2176.0	-261.8007507324219	101.85282897949219
4224.0	2179.0	-265.62481689453125	97.41081237792969
4224.0	2180.0	-264.87762451171875	97.19126892089844
4224.0	2178.0	-262.88714599609375	97.07300567626953
4248.0	0.0	-264.8680419921875	99.04810333251953
4248.0	2164.0	-263.8330078125	99.46129608154297
4248.0	2171.0	-264.1483459472656	97.50579833984375
4248.0	2175.0	-265.30706787109375	97.49932861328125
4248.0	2176.0	-264.0040588378906	99.83464050292969
4248.0	2180.0	-264.74456787109375	97.67681121826172
4248.0	2178.0	-262.96783447265625	97.40126037597656
4272.0	0.0	-264.8680419921875	99.0481185913086
4272.0	2164.0	-263.77703857421875	99.78793334960938
4272.0	2171.0	-263.99176025390625	97.92561340332031
4272.0	2175.0	-265.2655944824219	97.58318328857422
4272.0	2180.0	-264.6263732910156	98.1869125366211
4272.0	2178.0	-262.9747314453125	97.70191955566406
4272.0	2182.0	-265.98095703125	97.15887451171875
4296.0	0.0	-264.8680419921875	99.04810333251953
4296.0	2171.0	-264.3326110839844	98.62578582763672
4296.0	2175.0	-265.1133728027344	97.51573944091797
4296.0	2180.0	inf	inf
4296.0	2178.0	-263.0015563964844	97.95357513427734
4296.0	2182.0	-265.790283203125	97.23004913330078
4320.0	0.0	-264.8680419921875	99.04808807373047
4320.0	2175.0	-264.97222900390625	97.4036636352539
4320.0	2180.0	-264.2072448730469	98.7381591796875
4320.0	2182.0	-265.5656433105469	97.24018859863281
4320.0	2185.0	-262.9239807128906	100.68220520019531
4320.0	2186.0	-261.3372497558594	101.10327911376953
4344.0	0.0	-264.8680419921875	99.04805755615234
4344.0	2175.0	-264.7153625488281	97.23275756835938
4344.0	2180.0	-264.135498046875	99.09207916259766
4344.0	2182.0	-265.38275146484375	97.40010070800781
4344.0	2186.0	-264.273193359375	99.39594268798828
4344.0	2188.0	-263.8917541503906	98.76463317871094
4368.0	0.0	-264.8680419921875	99.04805755615234
4368.0	2175.0	-264.54937744140625	97.10836029052734
4368.0	2180.0	-264.18353271484375	99.40473175048828
4368.0	2188.0	-263.801025390625	99.12760162353516
4368.0	2189.0	-262.3956298828125	97.84017944335938
4368.0	2190.0	-263.2808532714844	98.61398315429688
4368.0	2191.0	-264.9244689941406	96.30905151367188
4368.0	2182.0	-265.21966552734375	97.57127380371094
4392.0	0.0	-264.8680419921875	99.04801177978516
4392.0	2175.0	-264.28955078125	96.94927978515625
4392.0	2188.0	-263.8033447265625	99.44540405273438
4392.0	2189.0	-262.509765625	98.14960479736328
4392.0	2190.0	-262.9622497558594	98.83773040771484
4392.0	2182.0	-264.9117736816406	97.78651428222656
4392.0	2192.0	-266.0403747558594	96.90170288085938
4392.0	2193.0	-263.9493103027344	96.87893676757812
4416.0	0.0	-264.8680419921875	99.04802703857422
4416.0	2175.0	-264.417236328125	97.9905014038086
4416.0	2188.0	-263.6695861816406	99.87483978271484
4416.0	2189.0	-262.7357482910156	98.41715240478516
4416.0	2190.0	-262.6654968261719	98.98521423339844
4416.0	2182.0	-264.7383117675781	97.99544525146484
4416.0	2192.0	-265.6344299316406	97.50030517578125
4416.0	2194.0	-265.2613220214844	97.37396240234375
4440.0	0.0	-264.8680419921875	99.04804229736328
4440.0	2188.0	-263.54254150390625	100.29447174072266
4440.0	2189.0	-262.66461181640625	98.68181610107422
4440.0	2190.0	-262.86358642578125	99.36393737792969
4440.0	2182.0	-264.4881591796875	98.3012466430664
4440.0	2194.0	-265.2730407714844	97.77765655517578
4440.0	2195.0	-264.5522766113281	96.94213104248047
4440.0	2196.0	-261.3055725097656	101.1124038696289
4464.0	0.0	-264.8680419921875	99.0479965209961
4464.0	2189.0	-262.69134521484375	98.8361587524414
4464.0	2190.0	-263.4965515136719	99.57640075683594
4464.0	2182.0	-264.2411804199219	98.43058776855469
4464.0	2194.0	-265.2313232421875	98.2327651977539
4464.0	2195.0	-264.3856201171875	97.29298400878906
4488.0	0.0	-264.8680419921875	99.04798126220703
4488.0	2189.0	-262.77783203125	99.10942840576172
4488.0	2190.0	-263.61712646484375	99.82722473144531
4488.0	2182.0	-264.04132080078125	98.60757446289062
4488.0	2194.0	-265.38165283203125	98.58006286621094
4488.0	2195.0	-264.28900146484375	97.6700210571289
4488.0	2197.0	-262.9706115722656	96.75850677490234
4488.0	2198.0	-262.908935546875	99.80335235595703
4488.0	2199.0	-265.1219787597656	96.97781372070312
4512.0	0.0	-264.8680419921875	99.04804229736328
4512.0	2189.0	-263.70086669921875	99.20088195800781
4512.0	2190.0	-263.6628112792969	100.1539535522461
4512.0	2182.0	-261.0033874511719	98.55940246582031
4512.0	2194.0	inf	-inf
4512.0	2195.0	-264.31341552734375	98.04344940185547
4512.0	2197.0	-262.7125244140625	96.6512222290039
4512.0	2199.0	-264.84979248046875	96.99842071533203
4512.0	2200.0	-263.0457763671875	100.19589233398438
4536.0	0.0	-264.8680419921875	99.0480728149414
4536.0	2182.0	-263.6173095703125	99.185546875
4536.0	2194.0	-inf	-inf
4536.0	2195.0	-264.29266357421875	98.43766784667969
4536.0	2199.0	-264.7176818847656	97.04000091552734
4536.0	2200.0	-263.03118896484375	100.47117614746094
4536.0	2202.0	-265.6358337402344	97.12126159667969
4536.0	2201.0	-264.2474670410156	97.18922424316406
4536.0	2203.0	-265.2920227050781	96.59278869628906
4536.0	2204.0	-266.022705078125	97.12200164794922
4560.0	0.0	-264.8680419921875	99.04804229736328
4560.0	2182.0	-263.4661865234375	99.43387603759766
4560.0	2195.0	-264.23858642578125	98.77583312988281
4560.0	2199.0	-264.5397644042969	97.00306701660156
4560.0	2202.0	-265.3688659667969	97.28052520751953
4560.0	2201.0	-264.1068115234375	97.6272201538086
4560.0	2203.0	-265.07171630859375	96.67914581298828
4560.0	2204.0	-266.19830322265625	96.47838592529297
4584.0	0.0	-264.8680419921875	99.04801177978516
4584.0	2182.0	-264.18646240234375	99.4202651977539
4584.0	2195.0	-264.169921875	99.0125732421875
4584.0	2199.0	-264.4655456542969	97.02192687988281
4584.0	2202.0	-265.22235107421875	97.45314025878906
4584.0	2201.0	-264.038330078125	98.02371978759766
4584.0	2205.0	-263.83526611328125	98.134521484375
4584.0	2204.0	-265.9576721191406	96.3955307006836
4584.0	2203.0	-264.8805847167969	96.70240020751953
4608.0	0.0	-264.8680419921875	99.04796600341797
4608.0	2195.0	-264.15594482421875	99.34586334228516
4608.0	2199.0	-264.2802734375	97.12197875976562
4608.0	2202.0	-264.9388122558594	97.6856918334961
4608.0	2201.0	-263.969970703125	98.41887664794922
4608.0	2204.0	-265.7565612792969	96.27951049804688
4608.0	2208.0	-262.62628173828125	94.63104248046875
4632.0	0.0	-264.8680419921875	99.0479965209961
4632.0	2199.0	-264.1529541015625	97.19125366210938
4632.0	2202.0	-264.7317810058594	97.83984375
4632.0	2201.0	-261.0610656738281	98.07637023925781
4632.0	2204.0	-265.447998046875	96.11321258544922
4632.0	2210.0	-261.17529296875	95.7177963256836
4656.0	0.0	-264.8680419921875	99.04796600341797
4656.0	2202.0	-264.4787902832031	97.90880584716797
4656.0	2201.0	-260.9707336425781	99.26502990722656
4656.0	2204.0	-265.28155517578125	96.02101135253906
4656.0	2210.0	-261.47601318359375	95.56132507324219
4656.0	2211.0	-266.00006103515625	97.1860580444336
4680.0	0.0	-264.8680419921875	99.04788208007812
4680.0	2202.0	-264.2173767089844	97.91526794433594
4680.0	2201.0	-260.9354553222656	100.45258331298828
4680.0	2204.0	-265.1841125488281	96.0052261352539
4680.0	2211.0	-265.7696533203125	97.28587341308594
4680.0	2214.0	-264.4938659667969	97.24525451660156
4680.0	2215.0	-261.81451416015625	101.84258270263672
4704.0	0.0	-264.8680419921875	99.04788208007812
4704.0	2202.0	-263.9973449707031	98.00341033935547
4704.0	2201.0	-263.4342346191406	100.15863800048828
4704.0	2204.0	-265.0961608886719	96.06304931640625
4704.0	2211.0	-265.5603942871094	97.29170227050781
4704.0	2214.0	-264.4477233886719	97.41535949707031
4728.0	0.0	-264.8680419921875	99.04791259765625
4728.0	2202.0	-263.7368469238281	98.01509094238281
4728.0	2204.0	-264.9610900878906	97.013427734375
4728.0	2211.0	-265.35809326171875	97.274658203125
4728.0	2214.0	-264.3199462890625	97.6406021118164
4728.0	2217.0	-261.326171875	101.1019515991211
4752.0	0.0	-264.8680419921875	99.04791259765625
4752.0	2202.0	-263.3203125	97.9776611328125
4752.0	2211.0	-264.98223876953125	97.36001586914062
4752.0	2214.0	-264.3078918457031	97.79769134521484
4752.0	2217.0	-261.3170471191406	101.10812377929688
4752.0	2218.0	-263.6622314453125	97.7389144897461
4752.0	2219.0	-265.4217834472656	97.10767364501953
4752.0	2220.0	-261.8042297363281	101.84913635253906
4752.0	2221.0	-266.2086486816406	96.562255859375
4776.0	0.0	-264.8680419921875	99.04786682128906
4776.0	2202.0	-263.10498046875	97.76964569091797
4776.0	2211.0	-264.73663330078125	97.33917236328125
4776.0	2214.0	-264.16839599609375	98.01070404052734
4776.0	2217.0	-261.3040466308594	101.1215591430664
4776.0	2219.0	-265.2799072265625	96.8349609375
4776.0	2220.0	-261.81890869140625	101.85328674316406
4776.0	2221.0	-265.9436340332031	96.62120056152344
4776.0	2218.0	-263.37469482421875	97.6119613647461
4800.0	0.0	-264.8680419921875	99.04788208007812
4800.0	2211.0	-264.64599609375	97.26812744140625
4800.0	2214.0	-264.20660400390625	98.27324676513672
4800.0	2217.0	-261.3091735839844	101.1382064819336
4800.0	2219.0	-264.93145751953125	97.24325561523438
4800.0	2220.0	-261.8191833496094	101.84764862060547
4800.0	2221.0	-265.72540283203125	96.83972930908203
4800.0	2202.0	-264.07147216796875	98.44703674316406
4824.0	0.0	-264.8680419921875	99.04789733886719
4824.0	2211.0	-264.35003662109375	97.28675842285156
4824.0	2214.0	-264.1896057128906	98.59468841552734
4824.0	2217.0	-261.3167724609375	101.12352752685547
4824.0	2219.0	-264.70391845703125	97.08302307128906
4824.0	2220.0	-261.8122863769531	101.84012603759766
4824.0	2221.0	-265.42376708984375	96.98640441894531
4824.0	2222.0	-263.0390625	96.91780090332031
4848.0	0.0	-264.8680419921875	99.04791259765625
4848.0	2211.0	-264.2176818847656	97.30561828613281
4848.0	2214.0	-264.1791687011719	98.9061050415039
4848.0	2217.0	-261.3136291503906	101.1058120727539
4848.0	2220.0	-261.8121337890625	101.8459243774414
4848.0	2221.0	-265.2034606933594	97.24739837646484
4848.0	2222.0	-262.9101867675781	96.5097885131836
4848.0	2219.0	-264.5434875488281	97.02054595947266
4848.0	2223.0	-264.9343566894531	97.21794128417969
4848.0	2224.0	-262.4248962402344	96.7332763671875
4872.0	0.0	-264.8680419921875	99.04789733886719
4872.0	2211.0	-263.8630676269531	97.25057220458984
4872.0	2214.0	-263.93511962890625	99.17728424072266
4872.0	2217.0	-264.0439147949219	99.5174789428711
4872.0	2220.0	-261.82037353515625	101.83711242675781
4872.0	2221.0	-264.9078674316406	97.6103744506836
4872.0	2219.0	-264.3364562988281	96.83390045166016
4872.0	2225.0	-266.0234069824219	96.31404113769531
4872.0	2226.0	-266.0175476074219	97.06535339355469
4896.0	0.0	-264.8680419921875	99.04792785644531
4896.0	2211.0	-263.7249450683594	97.21160125732422
4896.0	2214.0	-261.2788391113281	100.78633117675781
4896.0	2220.0	-264.135498046875	99.72660827636719
4896.0	2221.0	-264.6478576660156	97.91265869140625
4896.0	2219.0	-264.4355773925781	97.90465545654297
4896.0	2225.0	-265.7492370605469	96.22637176513672
4896.0	2226.0	-265.90106201171875	97.03820037841797
4896.0	2224.0	-261.5946350097656	95.44709014892578
4920.0	0.0	-264.8680419921875	99.04795837402344
4920.0	2211.0	-264.2460632324219	98.27179718017578
4920.0	2221.0	-264.4521179199219	98.19752502441406
4920.0	2225.0	-265.53509521484375	96.32840728759766
4920.0	2226.0	-265.710205078125	97.12020111083984
4920.0	2229.0	-266.17474365234375	96.84368133544922
4920.0	2230.0	-264.5267028808594	95.99343872070312
4920.0	2231.0	-261.38433837890625	100.91886138916016
4944.0	0.0	-264.8680419921875	99.04796600341797
4944.0	2221.0	-264.2703552246094	98.5809326171875
4944.0	2226.0	-265.4736633300781	97.16949462890625
4944.0	2229.0	-265.9689636230469	96.78604888916016
4944.0	2230.0	-264.511474609375	96.14625549316406
4944.0	2231.0	-261.4100341796875	100.91220092773438
4944.0	2232.0	-264.0577697753906	95.48491668701172
4944.0	2233.0	-261.81085205078125	101.83867645263672
4968.0	0.0	-264.8680419921875	99.04796600341797
4968.0	2221.0	-264.18310546875	98.8946304321289
4968.0	2226.0	-265.1930847167969	97.1377182006836
4968.0	2229.0	-265.76483154296875	96.7673110961914
4968.0	2230.0	-264.4518737792969	96.1946029663086
4968.0	2231.0	-261.4815368652344	100.91120910644531
4968.0	2233.0	-261.8105773925781	101.85159301757812
4968.0	2234.0	-263.4906311035156	96.74484252929688
4968.0	2235.0	-263.12884521484375	97.1428451538086
4992.0	0.0	-264.8680419921875	99.04796600341797
4992.0	2221.0	-260.9715576171875	99.3383560180664
4992.0	2226.0	-265.0072021484375	97.07918548583984
4992.0	2229.0	-265.5299987792969	96.77058410644531
4992.0	2231.0	-264.0403137207031	99.523681640625
4992.0	2233.0	-261.80499267578125	101.84410858154297
4992.0	2234.0	-263.3108215332031	96.67826080322266
4992.0	2235.0	-262.8894348144531	97.14445495605469
5016.0	0.0	-264.8680419921875	99.04795837402344
5016.0	2221.0	-263.8019104003906	99.65293884277344
5016.0	2226.0	-264.66949462890625	97.14861297607422
5016.0	2229.0	-265.3515319824219	96.74132537841797
5016.0	2233.0	-263.9973449707031	99.86259460449219
5016.0	2234.0	-262.80865478515625	96.0593490600586
5016.0	2235.0	-262.8063049316406	97.18374633789062
5016.0	2236.0	-263.66973876953125	94.97628784179688
5016.0	2238.0	-266.15765380859375	96.63241577148438
5040.0	0.0	-264.8680419921875	99.0479965209961
5040.0	2226.0	-264.2303161621094	97.14427947998047
5040.0	2229.0	-265.13641357421875	96.65831756591797
5040.0	2234.0	-262.57177734375	95.79411315917969
5040.0	2235.0	-262.51934814453125	97.05933380126953
5040.0	2238.0	-265.9034423828125	96.85771942138672
5064.0	0.0	-264.8680419921875	99.04794311523438
5064.0	2226.0	-263.97515869140625	97.15422821044922
5064.0	2229.0	-264.9995422363281	96.60285949707031
5064.0	2235.0	-262.274169921875	96.73783111572266
5064.0	2238.0	-265.6328430175781	96.99691772460938
5064.0	2239.0	-261.6113586425781	101.08099365234375
5064.0	2240.0	-261.8321533203125	101.85167694091797
5064.0	2241.0	-264.3987731933594	96.60094451904297
5088.0	0.0	-264.8680419921875	99.04791259765625
5088.0	2226.0	-263.5630187988281	97.1641616821289
5088.0	2229.0	-264.7541198730469	96.67591857910156
5088.0	2235.0	-261.1636962890625	95.72486114501953
5088.0	2238.0	-265.33935546875	97.1832046508789
5088.0	2239.0	-261.4588623046875	101.14282989501953
5088.0	2240.0	-261.83026123046875	101.86993408203125
5088.0	2242.0	-264.029052734375	96.71782684326172
5088.0	2243.0	-265.9822998046875	97.09618377685547
5112.0	0.0	-264.8680419921875	99.04788208007812
5112.0	2226.0	-263.1274108886719	97.02116394042969
5112.0	2229.0	-264.5437316894531	96.653076171875
5112.0	2238.0	-265.0469665527344	97.38575744628906
5112.0	2239.0	-261.364013671875	101.14838409423828
5112.0	2240.0	-261.8282470703125	101.8634262084961
5112.0	2242.0	-263.7637023925781	96.68960571289062
5112.0	2243.0	-265.84075927734375	97.22941589355469
5136.0	0.0	-264.8680419921875	99.04786682128906
5136.0	2226.0	-262.9873962402344	96.92835998535156
5136.0	2229.0	-264.5301818847656	97.61957550048828
5136.0	2238.0	-264.73956298828125	97.58351135253906
5136.0	2239.0	-261.3153991699219	101.21483612060547
5136.0	2240.0	-261.83135986328125	101.86817169189453
5136.0	2242.0	-263.4479675292969	96.63782501220703
5136.0	2243.0	-265.73602294921875	97.37736511230469
5160.0	0.0	-264.8680419921875	99.04788208007812
5160.0	2226.0	-262.623779296875	96.75908660888672
5160.0	2239.0	-261.30621337890625	101.3321304321289
5160.0	2240.0	-261.8334655761719	101.85883331298828
5160.0	2242.0	-263.1504821777344	96.57784271240234
5160.0	2243.0	-265.721923828125	97.54961395263672
5160.0	2246.0	-265.61395263671875	96.91470336914062
5160.0	2238.0	-264.4716796875	97.78231811523438
5184.0	0.0	-264.8680419921875	99.04788208007812
5184.0	2226.0	-264.0578918457031	98.28309631347656
5184.0	2239.0	-261.2964782714844	101.39425659179688
5184.0	2240.0	-261.8344421386719	101.85697174072266
5184.0	2243.0	-265.6732177734375	97.7018814086914
5184.0	2246.0	-265.4532470703125	97.05694580078125
5184.0	2247.0	-261.0409240722656	98.41161346435547
5184.0	2238.0	-263.1035461425781	96.3120346069336
5184.0	2248.0	-263.9919738769531	96.45777893066406
5208.0	0.0	-264.8680419921875	99.04801177978516
5208.0	2239.0	-261.318603515625	101.44562530517578
5208.0	2240.0	-261.8354187011719	101.84944915771484
5208.0	2243.0	-265.5641174316406	97.76709747314453
5208.0	2246.0	-265.1705322265625	97.18572998046875
5208.0	2238.0	-260.9851989746094	95.95394897460938
5208.0	2248.0	-263.7301940917969	96.40497589111328
5232.0	0.0	-264.8680419921875	99.04796600341797
5232.0	2239.0	-261.3114318847656	101.42774200439453
5232.0	2240.0	-261.8319396972656	101.8543472290039
5232.0	2243.0	-265.3840637207031	97.84364318847656
5232.0	2246.0	-265.0173645019531	97.3415298461914
5232.0	2238.0	-261.086181640625	98.09780883789062
5232.0	2248.0	-263.4944763183594	96.2224349975586
5232.0	2249.0	-262.48907470703125	95.71930694580078
5232.0	2250.0	-261.53326416015625	95.5145034790039
5232.0	2251.0	-266.00775146484375	97.29643249511719
5256.0	0.0	-264.8680419921875	99.04796600341797
5256.0	2239.0	-261.3016052246094	101.42019653320312
5256.0	2240.0	-261.8138732910156	101.85514831542969
5256.0	2243.0	-265.14276123046875	98.00389862060547
5256.0	2246.0	-264.7850341796875	97.52046203613281
5256.0	2238.0	-260.97662353515625	99.35281372070312
5256.0	2248.0	-263.37066650390625	96.07425689697266
5256.0	2249.0	-262.3560791015625	95.4363021850586
5256.0	2250.0	-261.5867004394531	95.44129943847656
5256.0	2251.0	-265.957763671875	97.34610748291016
5280.0	0.0	-264.8680419921875	99.0480728149414
5280.0	2239.0	-263.70050048828125	99.82073211669922
5280.0	2240.0	-261.8174743652344	101.8548355102539
5280.0	2243.0	-265.01190185546875	98.22974395751953
5280.0	2246.0	-264.52288818359375	97.61504364013672
5280.0	2238.0	-260.9385986328125	100.48475646972656
5280.0	2248.0	-263.24853515625	95.95942687988281
5280.0	2249.0	-262.282470703125	95.23465728759766
5280.0	2250.0	-261.7372131347656	95.32764434814453
5280.0	2251.0	-265.8154602050781	97.41008758544922
5304.0	0.0	-264.8680419921875	99.04804229736328
5304.0	2243.0	-264.81524658203125	98.35015869140625
5304.0	2246.0	-264.192138671875	97.69266510009766
5304.0	2238.0	-261.35107421875	101.50702667236328
5304.0	2251.0	-265.6722106933594	97.47624206542969
5304.0	2253.0	-261.02587890625	98.41815185546875
5304.0	2250.0	-261.8712158203125	95.13094329833984
5328.0	0.0	-264.8680419921875	99.04801177978516
5328.0	2243.0	-264.5377197265625	98.4382095336914
5328.0	2251.0	-265.6793212890625	97.87281799316406
5328.0	2253.0	-261.0498962402344	98.40618896484375
5328.0	2254.0	-261.3122863769531	101.39293670654297
5328.0	2255.0	-265.4460144042969	96.92366027832031
5352.0	0.0	-264.8680419921875	99.04802703857422
5352.0	2243.0	-263.85931396484375	98.22471618652344
5352.0	2251.0	-265.6332702636719	98.2460708618164
5352.0	2254.0	-261.2983703613281	101.41901397705078
5352.0	2255.0	-265.29071044921875	96.4992446899414
5352.0	2256.0	-265.6521301269531	96.87130737304688
5352.0	2257.0	-261.8122253417969	101.84614562988281
5376.0	0.0	-264.8680419921875	99.04804229736328
5376.0	2243.0	-260.953857421875	98.48844146728516
5376.0	2251.0	-265.51251220703125	98.69466400146484
5376.0	2254.0	-261.3042907714844	101.41709899902344
5376.0	2255.0	-264.940673828125	96.66751098632812
5376.0	2256.0	-265.5249328613281	96.88258361816406
5376.0	2257.0	-261.80352783203125	101.85282897949219
5376.0	2258.0	-263.8743591308594	98.34661102294922
5376.0	2259.0	-262.7088928222656	95.23567962646484
5376.0	2260.0	-266.1206359863281	96.45297241210938
5400.0	0.0	-264.8680419921875	99.04798126220703
5400.0	2243.0	-264.197509765625	99.2393569946289
5400.0	2251.0	-265.5660705566406	98.99669647216797
5400.0	2254.0	-264.2958068847656	99.42975616455078
5400.0	2255.0	-264.77850341796875	96.82612609863281
5400.0	2256.0	-265.31640625	96.89927673339844
5400.0	2257.0	-261.80194091796875	101.85264587402344
5400.0	2260.0	-265.82861328125	96.51009368896484
5400.0	2258.0	-263.8341369628906	98.64279174804688
5400.0	2261.0	-265.78509521484375	97.43111419677734
5424.0	0.0	-264.8680419921875	99.04796600341797
5424.0	2243.0	-264.2021179199219	99.52964782714844
5424.0	2251.0	-266.4775085449219	99.81653594970703
5424.0	2255.0	-264.5238342285156	97.00508117675781
5424.0	2256.0	-265.1025085449219	97.03388214111328
5424.0	2258.0	-260.9593200683594	98.47785186767578
5424.0	2261.0	-265.6888732910156	97.32268524169922
5424.0	2262.0	-261.736328125	95.3081283569336
5424.0	2260.0	-265.40631103515625	97.05364990234375
5424.0	2263.0	-262.3665771484375	94.92407989501953
5448.0	0.0	-264.8680419921875	99.04795837402344
5448.0	2255.0	-264.3187255859375	97.19184112548828
5448.0	2256.0	-264.8847961425781	97.11033630371094
5448.0	2258.0	-263.82940673828125	99.17192840576172
5448.0	2261.0	-265.61907958984375	97.61280059814453
5448.0	2262.0	-261.80206298828125	95.61965942382812
5448.0	2260.0	-265.37298583984375	96.77237701416016
5448.0	2264.0	-261.2835388183594	101.42191314697266
5472.0	0.0	-264.8680419921875	99.04792785644531
5472.0	2255.0	-264.1493225097656	97.28726196289062
5472.0	2256.0	-264.6866149902344	97.05848693847656
5472.0	2258.0	-263.7955322265625	99.35079193115234
5472.0	2261.0	-265.524169921875	97.96215057373047
5472.0	2262.0	-262.0351257324219	96.04906463623047
5472.0	2260.0	-265.3223571777344	97.0743179321289
5472.0	2264.0	-263.8077087402344	99.74901580810547
5472.0	2266.0	-261.8044128417969	101.849365234375
5496.0	0.0	-264.8680419921875	99.04789733886719
5496.0	2255.0	-263.8449401855469	97.14595031738281
5496.0	2256.0	-264.5246887207031	96.9440689086914
5496.0	2258.0	-263.7444763183594	99.673095703125
5496.0	2261.0	-265.4440612792969	98.40750122070312
5496.0	2262.0	-262.2437438964844	96.51386260986328
5496.0	2260.0	-265.2634582519531	97.55400848388672
5496.0	2266.0	-264.00274658203125	99.84487915039062
5520.0	0.0	-264.8680419921875	99.0478515625
5520.0	2255.0	-263.6376953125	97.02027893066406
5520.0	2256.0	-264.1399230957031	96.80123138427734
5520.0	2258.0	-263.76763916015625	100.03717041015625
5520.0	2261.0	-265.4618835449219	98.7204818725586
5520.0	2262.0	-262.3882751464844	96.9446029663086
5520.0	2260.0	-265.2428283691406	97.98131561279297
5520.0	2269.0	-261.0307312011719	98.4127197265625
5544.0	0.0	-264.8680419921875	99.04788208007812
5544.0	2255.0	-263.3723449707031	96.87051391601562
5544.0	2256.0	-263.79632568359375	96.60285186767578
5544.0	2261.0	-265.54620361328125	98.95957946777344
5544.0	2262.0	-262.65771484375	97.41581726074219
5544.0	2260.0	-265.2149353027344	98.38888549804688
5568.0	0.0	-264.8680419921875	99.04795837402344
5568.0	2255.0	-263.0010681152344	96.50152587890625
5568.0	2256.0	-263.5584716796875	96.3582763671875
5568.0	2261.0	-265.5393371582031	99.32182312011719
5568.0	2262.0	-262.7503662109375	97.77344512939453
5568.0	2260.0	-266.8580017089844	97.25361633300781
5568.0	2271.0	-261.2807922363281	101.43222045898438
5568.0	2272.0	-265.2634582519531	96.2481689453125
5568.0	2273.0	-261.8016357421875	101.84039306640625
5592.0	0.0	-264.8680419921875	99.04796600341797
5592.0	2255.0	-262.734375	96.13422393798828
5592.0	2256.0	-263.3006896972656	95.99087524414062
5592.0	2262.0	-262.89111328125	98.2400131225586
5592.0	2260.0	-266.5447082519531	99.2732925415039
5592.0	2271.0	-261.2830810546875	101.43209075927734
5592.0	2272.0	-264.9833068847656	96.19074249267578
5592.0	2273.0	-261.79669189453125	101.84986114501953
5592.0	2274.0	-265.7787780761719	96.29305267333984
5616.0	0.0	-264.8680419921875	99.04798126220703
5616.0	2255.0	-262.5683288574219	95.96101379394531
5616.0	2256.0	-263.0755920410156	95.69340515136719
5616.0	2262.0	-262.9443664550781	98.50190734863281
5616.0	2271.0	-261.28533935546875	101.4282455444336
5616.0	2273.0	-261.7994689941406	101.84991455078125
5616.0	2274.0	-265.5590515136719	96.25615692138672
5616.0	2272.0	-264.5503845214844	96.20409393310547
5640.0	0.0	-264.8680419921875	99.04804229736328
5640.0	2255.0	-262.21044921875	95.50957489013672
5640.0	2256.0	-262.8067626953125	95.19776153564453
5640.0	2262.0	-263.0308532714844	98.80311584472656
5640.0	2271.0	-261.2789611816406	101.44039154052734
5640.0	2273.0	-261.803955078125	101.85488891601562
5640.0	2274.0	-265.1220397949219	96.16364288330078
5640.0	2272.0	-264.2522277832031	96.17167663574219
5640.0	2275.0	-266.0991516113281	96.45819091796875
5664.0	0.0	-264.8680419921875	99.04815673828125
5664.0	2255.0	-261.9332275390625	95.06037139892578
5664.0	2256.0	-262.7285461425781	94.97905731201172
5664.0	2262.0	-263.1920471191406	99.15918731689453
5664.0	2271.0	-261.2806701660156	101.43946838378906
5664.0	2273.0	-261.8016052246094	101.85083770751953
5664.0	2274.0	-264.8377990722656	96.040771484375
5664.0	2272.0	-263.96270751953125	96.13611602783203
5664.0	2275.0	-265.9135437011719	96.51158142089844
5688.0	0.0	-264.8680419921875	99.04815673828125
5688.0	2255.0	-261.9859619140625	95.02445220947266
5688.0	2262.0	-263.24566650390625	99.39825439453125
5688.0	2271.0	-261.2708435058594	101.42826843261719
5688.0	2273.0	-261.8045654296875	101.85565948486328
5688.0	2274.0	-264.5668029785156	95.84275817871094
5688.0	2272.0	-263.51373291015625	96.2113265991211
5688.0	2275.0	-265.68377685546875	96.39723205566406
5712.0	0.0	-264.8680419921875	99.04808807373047
5712.0	2262.0	-263.02069091796875	99.70803833007812
5712.0	2271.0	-263.0747375488281	100.24070739746094
5712.0	2273.0	-261.8103942871094	101.84715270996094
5712.0	2274.0	-264.1583251953125	95.72979736328125
5712.0	2272.0	-263.2535400390625	96.1430892944336
5712.0	2275.0	-265.457275390625	96.27794647216797
5712.0	2280.0	-266.30767822265625	96.30091094970703
5736.0	0.0	-264.8680419921875	99.04810333251953
5736.0	2262.0	-263.22955322265625	100.14056396484375
5736.0	2273.0	-263.4244384765625	100.36154174804688
5736.0	2274.0	-263.8649597167969	95.63326263427734
5736.0	2272.0	-262.9161682128906	95.98107147216797
5736.0	2275.0	-265.0955505371094	96.30995178222656
5736.0	2280.0	-266.04058837890625	96.25434112548828
5736.0	2282.0	-261.0321960449219	98.41632080078125
5760.0	0.0	-264.8680419921875	99.04808807373047
5760.0	2262.0	-263.127685546875	100.5665054321289
5760.0	2274.0	-263.44598388671875	95.47743225097656
5760.0	2272.0	-262.6761779785156	95.75794982910156
5760.0	2275.0	-264.68505859375	96.23990631103516
5760.0	2280.0	-265.8648986816406	96.15099334716797
5760.0	2282.0	-261.0361328125	98.4166488647461
5784.0	0.0	-264.8680419921875	99.04802703857422
5784.0	2272.0	-262.4319763183594	95.56144714355469
5784.0	2275.0	-264.4722595214844	96.15950012207031
5784.0	2280.0	-265.636474609375	96.11729431152344
5784.0	2283.0	-261.4962463378906	101.21741485595703
5784.0	2282.0	-261.03448486328125	98.41456604003906
5808.0	0.0	-264.8680419921875	99.04802703857422
5808.0	2272.0	-261.9678649902344	95.037353515625
5808.0	2275.0	-264.0962829589844	96.12257385253906
5808.0	2280.0	-265.2730407714844	96.16634368896484
5808.0	2283.0	-261.29473876953125	101.23485565185547
5808.0	2284.0	-265.9734191894531	96.69022369384766
5808.0	2285.0	-261.79315185546875	101.83113098144531
5832.0	0.0	-264.8680419921875	99.04802703857422
5832.0	2272.0	-261.9250183105469	95.06867980957031
5832.0	2275.0	-263.9078674316406	96.01065063476562
5832.0	2280.0	-265.0088806152344	96.17741394042969
5832.0	2283.0	-261.2937316894531	101.17121124267578
5832.0	2284.0	-265.6916198730469	96.8822021484375
5832.0	2285.0	-261.8027038574219	101.84461212158203
5856.0	0.0	-264.8680419921875	99.04802703857422
5856.0	2272.0	-261.9366760253906	95.05768585205078
5856.0	2275.0	-263.5045471191406	95.81209564208984
5856.0	2280.0	-264.6292724609375	96.1181869506836
5856.0	2283.0	-261.29620361328125	101.13996887207031
5856.0	2284.0	-265.30828857421875	97.1709976196289
5856.0	2285.0	-261.8042907714844	101.83744049072266
5856.0	2286.0	-261.0341796875	98.41624450683594
5880.0	0.0	-264.8680419921875	99.04801177978516
5880.0	2272.0	-262.03753662109375	94.98550415039062
5880.0	2275.0	-263.2381896972656	95.62701416015625
5880.0	2280.0	-264.39556884765625	96.1791000366211
5880.0	2283.0	-261.29595947265625	101.1435317993164
5880.0	2284.0	-265.08074951171875	97.37982177734375
5880.0	2285.0	-261.8019714355469	101.83489990234375
5880.0	2286.0	-261.03082275390625	98.4123306274414
5904.0	0.0	-264.8680419921875	99.04805755615234
5904.0	2275.0	-262.95623779296875	95.3811264038086
5904.0	2280.0	-264.47686767578125	97.60409545898438
5904.0	2283.0	-261.2779235839844	101.15231323242188
5904.0	2284.0	-264.78033447265625	97.57467651367188
5904.0	2285.0	-261.7969665527344	101.83379364013672
5904.0	2286.0	-261.02630615234375	98.41552734375
5928.0	0.0	-264.8680419921875	99.0480728149414
5928.0	2283.0	-261.27105712890625	101.15250396728516
5928.0	2284.0	-264.49169921875	97.8956298828125
5928.0	2285.0	-261.79754638671875	101.83006286621094
5928.0	2286.0	-261.0240783691406	98.41683959960938
5928.0	2287.0	-266.431640625	96.48126220703125
5952.0	0.0	-264.8680419921875	99.04810333251953
5952.0	2283.0	-261.29010009765625	101.14545440673828
5952.0	2284.0	-264.22833251953125	98.15018463134766
5952.0	2285.0	-261.7960205078125	101.84029388427734
5952.0	2286.0	-261.0293884277344	98.40901947021484
5952.0	2287.0	-266.0843811035156	96.63803100585938
5976.0	0.0	-264.8680419921875	99.04808807373047
5976.0	2283.0	-261.2923889160156	101.15721893310547
5976.0	2284.0	-264.06488037109375	98.33728790283203
5976.0	2285.0	-261.80389404296875	101.83708953857422
5976.0	2286.0	-261.0271911621094	98.41014862060547
5976.0	2287.0	-265.8490905761719	96.77190399169922
5976.0	2288.0	-263.4903869628906	96.33868408203125
6000.0	0.0	-264.8680419921875	99.0481185913086
6000.0	2283.0	-261.2815856933594	101.17433166503906
6000.0	2284.0	-263.88116455078125	98.6652603149414
6000.0	2285.0	-261.79931640625	101.84098052978516
6000.0	2287.0	-265.59136962890625	97.06390380859375
6000.0	2288.0	-263.4570007324219	96.37094116210938
6024.0	0.0	-264.8680419921875	99.04810333251953
6024.0	2283.0	-261.30426025390625	101.24659729003906
6024.0	2284.0	-260.97662353515625	99.072509765625
6024.0	2285.0	-261.80072021484375	101.84547424316406
6024.0	2287.0	-265.48760986328125	97.54283142089844
6024.0	2288.0	-263.556396484375	96.37054443359375
6048.0	0.0	-264.8680419921875	99.0481185913086
6048.0	2283.0	-261.31048583984375	101.27179718017578
6048.0	2284.0	-260.9604797363281	99.41508483886719
6048.0	2285.0	-261.7935791015625	101.8436050415039
6048.0	2287.0	-266.69537353515625	95.55049133300781
6048.0	2288.0	-263.5702209472656	96.38831329345703
6072.0	0.0	-264.8680419921875	99.0480728149414
6072.0	2283.0	-263.5021667480469	99.91874694824219
6072.0	2284.0	-263.3008728027344	99.66363525390625
6072.0	2285.0	-261.7928771972656	101.841064453125
6072.0	2287.0	-266.48272705078125	97.59992980957031
6072.0	2288.0	-263.580078125	96.39236450195312
6072.0	2289.0	-261.030029296875	98.42962646484375
6096.0	0.0	-264.8680419921875	99.04801177978516
6096.0	2284.0	-263.1840515136719	100.11896514892578
6096.0	2285.0	-263.4112854003906	100.38263702392578
6096.0	2287.0	-266.5995178222656	98.43401336669922
6096.0	2288.0	-263.5813903808594	96.40676879882812
6096.0	2289.0	-261.0296630859375	98.4072494506836
6120.0	0.0	-264.8680419921875	99.04801177978516
6120.0	2284.0	-262.95831298828125	100.6700668334961
6120.0	2287.0	-266.53839111328125	99.37876892089844
6120.0	2288.0	-263.59027099609375	96.46695709228516
6120.0	2289.0	-261.03131103515625	98.40948486328125
6120.0	2290.0	-261.3375244140625	101.2646255493164
6144.0	0.0	-264.8680419921875	99.04794311523438
6144.0	2288.0	-263.60382080078125	96.4958267211914
6144.0	2289.0	-261.0292663574219	98.4096908569336
6144.0	2290.0	-261.3416442871094	101.26485443115234
6144.0	2292.0	-261.80615234375	101.84239196777344
6168.0	0.0	-264.8680419921875	99.04796600341797
6168.0	2288.0	-263.58990478515625	96.48712921142578
6168.0	2290.0	-261.3317565917969	101.24905395507812
6168.0	2292.0	-261.7962951660156	101.8493881225586
6168.0	2289.0	-261.0301208496094	98.40451049804688
6192.0	0.0	-264.8680419921875	99.04794311523438
6192.0	2288.0	-263.5874938964844	96.49613189697266
6192.0	2290.0	-261.33013916015625	101.2464599609375
6192.0	2292.0	-261.8069152832031	101.84619140625
6192.0	2289.0	-261.0270080566406	98.41122436523438
6192.0	2296.0	-266.4822998046875	96.39726257324219
6192.0	2293.0	-265.95916748046875	96.1828842163086
6216.0	0.0	-264.8680419921875	99.04795837402344
6216.0	2288.0	-263.5788879394531	96.49601745605469
6216.0	2290.0	-261.32513427734375	101.24979400634766
6216.0	2292.0	-261.80682373046875	101.85037994384766
6216.0	2289.0	-261.0260925292969	98.41666412353516
6216.0	2296.0	-266.1327209472656	96.50332641601562
6216.0	2293.0	-265.65423583984375	96.00210571289062
6240.0	0.0	-264.8680419921875	99.0479965209961
6240.0	2288.0	-263.5713195800781	96.49767303466797
6240.0	2290.0	-261.3200378417969	101.26432800292969
6240.0	2292.0	-261.80291748046875	101.84911346435547
6240.0	2289.0	-261.0434875488281	98.40848541259766
6240.0	2296.0	-265.88421630859375	96.57505798339844
6240.0	2293.0	-265.1669921875	95.88246154785156
6264.0	0.0	-264.8680419921875	99.04801177978516
6264.0	2288.0	-263.578369140625	96.50080108642578
6264.0	2290.0	-261.30865478515625	101.27252960205078
6264.0	2292.0	-261.80743408203125	101.8540267944336
6264.0	2296.0	-265.741943359375	96.52894592285156
6264.0	2293.0	-264.9095764160156	95.72077941894531
6264.0	2289.0	-261.034912109375	98.41190338134766
6288.0	0.0	-264.8680419921875	99.04801177978516
6288.0	2288.0	-263.5819396972656	96.50121307373047
6288.0	2290.0	-261.30889892578125	101.28044128417969
6288.0	2292.0	-261.8058776855469	101.86109161376953
6288.0	2296.0	-265.2821350097656	96.48075103759766
6288.0	2293.0	-264.49755859375	95.63275146484375
6288.0	2289.0	-261.0338134765625	98.406494140625
6312.0	0.0	-264.8680419921875	99.04795837402344
6312.0	2288.0	-263.57879638671875	96.5072250366211
6312.0	2290.0	-261.3141784667969	101.28130340576172
6312.0	2292.0	-263.3819580078125	100.39724731445312
6312.0	2296.0	-264.85675048828125	96.20641326904297
6312.0	2289.0	-261.03094482421875	98.4114990234375
6336.0	0.0	-264.8680419921875	99.04798126220703
6336.0	2288.0	-263.5524597167969	96.49047088623047
6336.0	2296.0	-264.4737854003906	96.01195526123047
6336.0	2297.0	-263.2422180175781	100.19149017333984
6336.0	2289.0	-261.03271484375	98.41307067871094
6336.0	2299.0	-263.8612976074219	96.36778259277344
6360.0	0.0	-264.8680419921875	99.04796600341797
6360.0	2288.0	-263.581298828125	96.50714111328125
6360.0	2296.0	-264.0544738769531	95.79055786132812
6360.0	2297.0	-260.9380798339844	100.4256591796875
6360.0	2289.0	-261.0299377441406	98.42999267578125
6360.0	2300.0	-261.8065490722656	101.84425354003906
6360.0	2301.0	-261.302734375	101.2856674194336
6384.0	0.0	-264.8680419921875	99.0479965209961
6384.0	2296.0	-263.8111572265625	96.34099578857422
6384.0	2297.0	-260.97711181640625	99.1133804321289
6384.0	2300.0	-261.8001403808594	101.84310150146484
6384.0	2301.0	-261.3069763183594	101.28866577148438
6384.0	2288.0	-263.4745178222656	96.46884155273438
6408.0	0.0	-264.8680419921875	99.04805755615234
6408.0	2297.0	-261.0612487792969	98.1942138671875
6408.0	2300.0	-261.7984313964844	101.83831024169922
6408.0	2301.0	-261.3027038574219	101.28565979003906
6432.0	0.0	-264.8680419921875	99.04804229736328
6432.0	2297.0	-261.33148193359375	97.44277954101562
6432.0	2300.0	-261.79876708984375	101.84458923339844
6432.0	2301.0	-261.3052062988281	101.27460479736328
6432.0	2288.0	-263.1834716796875	96.33027648925781
6456.0	0.0	-264.8680419921875	99.04802703857422
6456.0	2297.0	-261.9052429199219	97.22362518310547
6456.0	2300.0	-261.7949523925781	101.83908081054688
6456.0	2301.0	-261.3087463378906	101.26891326904297
6456.0	2288.0	-262.83038330078125	96.25482940673828
6456.0	2303.0	-263.2305908203125	96.03016662597656
6456.0	2304.0	-261.03302001953125	98.41122436523438
6480.0	0.0	-264.8680419921875	99.04802703857422
6480.0	2297.0	-261.60479736328125	96.9791488647461
6480.0	2300.0	-261.8005065917969	101.84062194824219
6480.0	2301.0	-261.30181884765625	101.26538848876953
6480.0	2288.0	-262.6192321777344	96.02790069580078
6480.0	2303.0	-263.0851745605469	95.8156967163086
6480.0	2304.0	-261.0350341796875	98.41112518310547
6504.0	0.0	-264.8680419921875	99.04801177978516
6504.0	2297.0	-261.596923828125	97.0215072631836
6504.0	2300.0	-261.7900085449219	101.83194732666016
6504.0	2301.0	-261.30682373046875	101.25828552246094
6504.0	2288.0	-261.9341125488281	95.06196594238281
6504.0	2303.0	-263.0237731933594	95.64412689208984
6504.0	2304.0	-261.0359802246094	98.4053955078125
