168.0	0.0	-9.959752082824707	219.6092529296875
168.0	0.0	-9.959752082824707	219.6092529296875
192.0	0.0	-9.959808349609375	219.60923767089844
192.0	2469.0	-9.373040199279785	218.38424682617188
192.0	2471.0	-10.376500129699707	221.23643493652344
192.0	2472.0	-9.646258354187012	225.77633666992188
216.0	0.0	-9.959794044494629	219.60923767089844
216.0	2469.0	-9.995208740234375	218.836181640625
216.0	2470.0	-inf	inf
216.0	2471.0	-10.29379653930664	221.2406463623047
216.0	2473.0	-10.75844669342041	221.93240356445312
216.0	2474.0	-9.145119667053223	225.44053649902344
216.0	2472.0	-9.904321670532227	221.22607421875
240.0	0.0	-9.959836959838867	219.60923767089844
240.0	2469.0	-10.384050369262695	218.5923309326172
240.0	2470.0	-inf	inf
240.0	2471.0	-10.277205467224121	221.23019409179688
240.0	2473.0	-10.567127227783203	221.35769653320312
240.0	2474.0	-9.173221588134766	225.29722595214844
240.0	2472.0	-9.932738304138184	221.26873779296875
264.0	0.0	-9.959822654724121	219.60923767089844
264.0	2470.0	-12.66700553894043	214.04513549804688
264.0	2471.0	-10.376956939697266	221.23837280273438
264.0	2472.0	-9.980047225952148	221.3187713623047
288.0	0.0	-9.959822654724121	219.60923767089844
288.0	2470.0	-11.09812068939209	218.5428466796875
288.0	2471.0	-10.389039039611816	221.27012634277344
288.0	2472.0	-10.02799129486084	221.29354858398438
312.0	0.0	-9.959794044494629	219.60923767089844
312.0	2470.0	-10.902762413024902	219.44078063964844
312.0	2471.0	-10.308208465576172	221.3767547607422
312.0	2475.0	-11.481657028198242	218.63726806640625
312.0	2476.0	-10.767680168151855	221.91867065429688
336.0	0.0	-9.9597806930542	219.6092529296875
336.0	2470.0	-11.195846557617188	219.54327392578125
336.0	2471.0	-10.229368209838867	221.4732666015625
336.0	2475.0	-11.847423553466797	218.68063354492188
336.0	2476.0	-10.727947235107422	221.93531799316406
360.0	0.0	-9.959794044494629	219.60923767089844
360.0	2470.0	-11.500608444213867	219.70419311523438
360.0	2471.0	-10.060832023620605	221.56394958496094
360.0	2475.0	-11.997756958007812	218.95748901367188
360.0	2476.0	-10.712702751159668	221.92977905273438
384.0	0.0	-9.959836959838867	219.60923767089844
384.0	2470.0	-11.760318756103516	219.93504333496094
384.0	2471.0	-10.050409317016602	221.8423309326172
384.0	2475.0	-12.18032169342041	219.11119079589844
384.0	2476.0	-10.698128700256348	221.90628051757812
408.0	0.0	-9.959822654724121	219.60923767089844
408.0	2470.0	-12.059767723083496	220.03981018066406
408.0	2471.0	-9.96692943572998	222.13377380371094
408.0	2475.0	-12.561203956604004	219.28460693359375
408.0	2476.0	-10.699498176574707	221.91001892089844
408.0	2477.0	-10.455474853515625	222.05548095703125
432.0	0.0	-9.959766387939453	219.6092529296875
432.0	2470.0	-12.281664848327637	220.165771484375
432.0	2471.0	-9.771130561828613	222.39503479003906
432.0	2475.0	-12.825146675109863	219.39218139648438
432.0	2476.0	-10.69191837310791	221.91566467285156
456.0	0.0	-9.9597806930542	219.6092529296875
456.0	2470.0	-12.467924118041992	220.2849884033203
456.0	2471.0	-9.614282608032227	222.76605224609375
456.0	2475.0	-13.020890235900879	219.56008911132812
456.0	2476.0	-10.700919151306152	221.79763793945312
480.0	0.0	-9.959752082824707	219.6092529296875
480.0	2470.0	-12.652429580688477	220.2989501953125
480.0	2471.0	-9.43523120880127	222.994140625
480.0	2475.0	-13.18535041809082	219.8050537109375
480.0	2476.0	-10.722588539123535	221.6834716796875
504.0	0.0	-9.9597806930542	219.6092529296875
504.0	2470.0	-12.90010929107666	220.3717041015625
504.0	2471.0	-9.22653865814209	223.20262145996094
504.0	2475.0	-13.493184089660645	219.9673309326172
504.0	2476.0	-10.67238998413086	221.5400848388672
528.0	0.0	-9.959822654724121	219.60923767089844
528.0	2470.0	-13.190019607543945	220.4564971923828
528.0	2471.0	-9.082782745361328	223.40875244140625
528.0	2475.0	-13.757006645202637	220.17694091796875
528.0	2476.0	-10.553118705749512	221.3499755859375
552.0	0.0	-9.95986557006836	219.60922241210938
552.0	2470.0	-13.456727027893066	220.503662109375
552.0	2471.0	-9.100375175476074	223.45291137695312
552.0	2475.0	-13.691277503967285	220.23434448242188
552.0	2476.0	-10.497221946716309	221.0574951171875
576.0	0.0	-9.959822654724121	219.60923767089844
576.0	2471.0	-9.229538917541504	223.2277069091797
576.0	2476.0	-10.481305122375488	220.81922912597656
576.0	2470.0	-13.806729316711426	220.3596649169922
600.0	0.0	-9.9597806930542	219.6092529296875
600.0	2471.0	-9.251269340515137	223.20556640625
600.0	2476.0	-10.379165649414062	220.59434509277344
600.0	2470.0	-14.127216339111328	220.4395294189453
624.0	0.0	-9.959794044494629	219.60923767089844
624.0	2471.0	-9.28989315032959	223.07424926757812
624.0	2476.0	-10.33338451385498	220.43467712402344
624.0	2470.0	-14.402899742126465	220.50901794433594
648.0	0.0	-9.959766387939453	219.6092529296875
648.0	2471.0	-9.281126976013184	222.78506469726562
648.0	2476.0	-10.366597175598145	220.28102111816406
648.0	2470.0	-14.671443939208984	220.45693969726562
672.0	0.0	-9.959808349609375	219.60923767089844
672.0	2471.0	-9.308398246765137	222.49005126953125
672.0	2476.0	-10.409309387207031	220.2054901123047
672.0	2470.0	-14.969417572021484	220.4945831298828
696.0	0.0	-9.9597806930542	219.6092529296875
696.0	2471.0	-9.44143295288086	222.16932678222656
696.0	2476.0	-10.522950172424316	220.19065856933594
696.0	2470.0	-15.202919006347656	220.47850036621094
696.0	2479.0	-11.271385192871094	222.64773559570312
720.0	0.0	-9.959836959838867	219.60923767089844
720.0	2471.0	-9.37473201751709	222.18112182617188
720.0	2476.0	-10.519438743591309	220.2985382080078
720.0	2470.0	-15.038249015808105	220.3690643310547
720.0	2479.0	-11.28286361694336	222.6623992919922
744.0	0.0	-9.959965705871582	219.6092071533203
744.0	2471.0	-9.315353393554688	222.17807006835938
744.0	2476.0	-10.49832820892334	220.54595947265625
744.0	2470.0	-15.203166007995605	220.43882751464844
744.0	2479.0	-10.38204574584961	220.59738159179688
768.0	0.0	-9.960803031921387	219.60906982421875
768.0	2471.0	-9.282437324523926	221.90737915039062
768.0	2476.0	-10.586155891418457	220.9097900390625
768.0	2470.0	-15.182147979736328	220.51870727539062
792.0	0.0	-10.045997619628906	219.5979766845703
792.0	2471.0	-9.168609619140625	221.8809356689453
792.0	2476.0	-10.555116653442383	221.3141326904297
816.0	0.0	-10.194997787475586	219.60081481933594
816.0	2471.0	-9.118996620178223	221.84420776367188
816.0	2476.0	-10.444791793823242	221.73109436035156
840.0	0.0	-10.361898422241211	219.6269073486328
840.0	2471.0	-9.198843002319336	221.96932983398438
840.0	2476.0	-10.43588638305664	222.12136840820312
840.0	2480.0	-11.135875701904297	222.73069763183594
864.0	0.0	-10.524157524108887	219.6709747314453
864.0	2471.0	-9.23430347442627	221.94793701171875
864.0	2476.0	-10.269594192504883	222.43923950195312
864.0	2480.0	-11.190123558044434	222.70751953125
888.0	0.0	-10.684744834899902	219.7344970703125
888.0	2471.0	-9.229415893554688	221.92724609375
888.0	2476.0	-10.137272834777832	222.80355834960938
888.0	2480.0	-11.210349082946777	222.6761016845703
888.0	2481.0	-10.952920913696289	227.38043212890625
912.0	0.0	-10.876429557800293	219.83819580078125
912.0	2471.0	-9.230428695678711	221.9323272705078
912.0	2476.0	-9.950119972229004	223.04660034179688
912.0	2480.0	-11.198623657226562	222.68930053710938
936.0	0.0	-11.065424919128418	219.97189331054688
936.0	2471.0	-9.23198413848877	221.95289611816406
936.0	2476.0	-9.768891334533691	223.25660705566406
936.0	2480.0	-11.246896743774414	222.67929077148438
960.0	0.0	-11.247293472290039	220.13726806640625
960.0	2471.0	-9.238268852233887	221.93798828125
960.0	2476.0	-9.526082992553711	223.46218872070312
960.0	2480.0	-11.283878326416016	222.67147827148438
984.0	0.0	-11.402365684509277	220.31895446777344
984.0	2471.0	-9.240370750427246	221.9100341796875
984.0	2476.0	-9.313158988952637	223.6424560546875
984.0	2480.0	-11.268624305725098	222.65359497070312
984.0	2482.0	-9.054309844970703	225.80621337890625
1008.0	0.0	-11.534923553466797	220.52076721191406
1008.0	2471.0	-9.23912525177002	221.91256713867188
1008.0	2476.0	-9.149434089660645	223.6325225830078
1008.0	2480.0	-11.31259822845459	222.6466064453125
1008.0	2482.0	-9.125408172607422	225.82412719726562
1032.0	0.0	-11.669922828674316	220.76951599121094
1032.0	2471.0	-9.268418312072754	222.04393005371094
1032.0	2476.0	-9.151115417480469	223.72189331054688
1032.0	2480.0	-11.421807289123535	222.68556213378906
1032.0	2482.0	-9.364315032958984	225.963623046875
1056.0	0.0	-11.797203063964844	221.03611755371094
1056.0	2471.0	-9.287562370300293	222.0816192626953
1056.0	2476.0	-9.168753623962402	223.6715545654297
1056.0	2480.0	-11.458131790161133	222.6632537841797
1056.0	2482.0	-9.401824951171875	225.97903442382812
1056.0	2484.0	-12.304421424865723	227.82806396484375
1080.0	0.0	-11.90853214263916	221.31185913085938
1080.0	2471.0	-9.282086372375488	222.09552001953125
1080.0	2476.0	-9.23489761352539	223.5896453857422
1080.0	2480.0	-11.463202476501465	222.67160034179688
1080.0	2482.0	-9.340746879577637	225.94407653808594
1080.0	2484.0	-12.500179290771484	228.049560546875
1104.0	0.0	-11.999476432800293	221.59375
1104.0	2471.0	-9.287646293640137	222.1195526123047
1104.0	2476.0	-9.222862243652344	223.6289520263672
1104.0	2480.0	-11.485990524291992	222.70614624023438
1104.0	2482.0	-11.321866035461426	222.63356018066406
1104.0	2485.0	-11.485380172729492	228.65069580078125
1128.0	0.0	-12.069522857666016	221.88063049316406
1128.0	2471.0	-9.298466682434082	222.13304138183594
1128.0	2476.0	-9.157170295715332	223.70774841308594
1128.0	2480.0	-9.426198959350586	225.9652099609375
1128.0	2484.0	-13.298577308654785	228.6255340576172
1152.0	0.0	-12.12542724609375	222.18675231933594
1152.0	2471.0	-9.262714385986328	222.25807189941406
1152.0	2480.0	-8.091300964355469	225.2269744873047
1152.0	2486.0	-12.41836929321289	228.4859619140625
1152.0	2484.0	-13.753374099731445	228.89149475097656
1176.0	0.0	-12.1698579788208	222.48402404785156
1176.0	2480.0	-7.193912029266357	222.65243530273438
1176.0	2484.0	-13.625215530395508	227.83535766601562
1176.0	2488.0	-9.514763832092285	225.99266052246094
1176.0	2489.0	-9.203364372253418	223.80801391601562
1176.0	2490.0	-8.779040336608887	225.58163452148438
1176.0	2486.0	-12.746354103088379	228.65504455566406
1200.0	0.0	-12.188822746276855	222.73226928710938
1200.0	2480.0	-7.2471160888671875	220.30252075195312
1200.0	2488.0	-9.404234886169434	225.92955017089844
1200.0	2489.0	-9.16223430633545	223.71188354492188
1200.0	2490.0	-8.716838836669922	225.5078582763672
1200.0	2486.0	-12.95864486694336	228.8451690673828
1200.0	2491.0	-9.295927047729492	222.20028686523438
1200.0	2484.0	-13.583656311035156	227.85365295410156
1224.0	0.0	-12.183769226074219	222.97262573242188
1224.0	2480.0	-10.779739379882812	221.6396942138672
1224.0	2488.0	-9.409605979919434	225.9364776611328
1224.0	2489.0	-9.171500205993652	223.7099151611328
1224.0	2490.0	-8.743927001953125	225.52003479003906
1224.0	2491.0	-9.304603576660156	222.18844604492188
1224.0	2486.0	-13.251072883605957	229.04608154296875
1248.0	0.0	-12.152083396911621	223.22434997558594
1248.0	2480.0	-10.710793495178223	221.5073699951172
1248.0	2489.0	-9.211506843566895	223.71487426757812
1248.0	2490.0	-8.789706230163574	225.53518676757812
1248.0	2491.0	-9.309968948364258	222.2046661376953
1248.0	2493.0	-13.532174110412598	229.28326416015625
1248.0	2488.0	-9.424267768859863	225.93136596679688
1272.0	0.0	-12.092452049255371	223.4798583984375
1272.0	2480.0	-10.5052490234375	221.4341583251953
1272.0	2489.0	-9.20220947265625	223.73887634277344
1272.0	2490.0	-8.810330390930176	225.52610778808594
1272.0	2491.0	-9.30998420715332	222.2177734375
1272.0	2488.0	-9.436848640441895	225.92495727539062
1296.0	0.0	-12.001626014709473	223.74024963378906
1296.0	2480.0	-10.435011863708496	221.32102966308594
1296.0	2489.0	-9.19540023803711	223.75509643554688
1296.0	2490.0	-8.79519271850586	225.5542449951172
1296.0	2491.0	-9.307814598083496	222.22027587890625
1296.0	2488.0	-9.436538696289062	225.9862060546875
1320.0	0.0	-11.887874603271484	223.97813415527344
1320.0	2480.0	-10.350772857666016	221.2739715576172
1320.0	2489.0	-9.201194763183594	223.78143310546875
1320.0	2490.0	-8.795833587646484	225.58029174804688
1320.0	2491.0	-9.294587135314941	222.209228515625
1320.0	2488.0	-9.45679759979248	226.01084899902344
1344.0	0.0	-11.753153800964355	224.20704650878906
1344.0	2480.0	-10.302315711975098	221.32313537597656
1344.0	2489.0	-9.223484992980957	223.8799285888672
1344.0	2490.0	-8.836185455322266	225.6880645751953
1344.0	2491.0	-9.234830856323242	222.3011932373047
1344.0	2488.0	-9.712808609008789	226.09800720214844
1344.0	2494.0	-13.741215705871582	229.23153686523438
1368.0	0.0	-11.664177894592285	224.3488311767578
1368.0	2480.0	-8.825243949890137	218.4027862548828
1368.0	2489.0	-9.245747566223145	223.9173583984375
1368.0	2490.0	-8.880547523498535	225.78184509277344
1368.0	2491.0	-9.22661018371582	222.37005615234375
1368.0	2488.0	-10.047210693359375	226.0194549560547
1392.0	0.0	-11.647464752197266	224.3751678466797
1392.0	2480.0	-10.272256851196289	221.26243591308594
1392.0	2489.0	-9.267040252685547	223.87124633789062
1392.0	2490.0	-8.920044898986816	225.7167205810547
1392.0	2491.0	-9.27398681640625	222.3968048095703
1392.0	2488.0	-10.146294593811035	225.9805450439453
1392.0	2495.0	-13.949542045593262	229.41107177734375
1416.0	0.0	-11.647080421447754	224.37576293945312
1416.0	2480.0	-10.299471855163574	221.2853240966797
1416.0	2489.0	-9.274408340454102	223.8588104248047
1416.0	2490.0	-8.99804973602295	225.65863037109375
1416.0	2491.0	-9.29692268371582	222.44107055664062
1416.0	2488.0	-10.2475004196167	225.83956909179688
1440.0	0.0	-11.647080421447754	224.37576293945312
1440.0	2480.0	-10.29997444152832	221.27638244628906
1440.0	2489.0	-9.268573760986328	223.85910034179688
1440.0	2490.0	-9.472784996032715	225.4578399658203
1440.0	2491.0	-9.318525314331055	222.5021514892578
1440.0	2488.0	-10.35243034362793	225.6937255859375
1440.0	2495.0	-13.599828720092773	229.62062072753906
1464.0	0.0	-11.647080421447754	224.37576293945312
1464.0	2480.0	-10.295056343078613	221.26979064941406
1464.0	2489.0	-9.2688627243042	223.8570556640625
1464.0	2491.0	-9.412242889404297	222.59686279296875
1464.0	2488.0	-10.533961296081543	225.4713592529297
1464.0	2495.0	-13.301687240600586	229.8211669921875
1464.0	2497.0	-10.353978157043457	225.19525146484375
1488.0	0.0	-11.647111892700195	224.37571716308594
1488.0	2480.0	-10.295388221740723	221.27833557128906
1488.0	2489.0	-9.240789413452148	223.84986877441406
1488.0	2491.0	-9.466316223144531	222.65585327148438
1488.0	2488.0	-10.677027702331543	225.06117248535156
1488.0	2495.0	-12.840899467468262	230.18621826171875
1512.0	0.0	-11.647135734558105	224.3756866455078
1512.0	2480.0	-10.283992767333984	221.26365661621094
1512.0	2489.0	-9.218605995178223	223.84597778320312
1512.0	2491.0	-9.422866821289062	222.77975463867188
1512.0	2488.0	-10.862689971923828	224.5888671875
1512.0	2495.0	-12.143280982971191	230.68353271484375
1512.0	2498.0	-9.920560836791992	226.00277709960938
1536.0	0.0	-11.64719009399414	224.37559509277344
1536.0	2480.0	-10.27859115600586	221.24853515625
1536.0	2491.0	-10.956573486328125	223.91941833496094
1536.0	2488.0	-10.911105155944824	224.24313354492188
1536.0	2495.0	-11.476187705993652	227.1739959716797
1536.0	2498.0	-10.148914337158203	225.81854248046875
1536.0	2499.0	-9.88364315032959	225.5731658935547
1536.0	2500.0	-9.492875099182129	225.38174438476562
1536.0	2501.0	-10.14890193939209	224.7796173095703
1560.0	0.0	-11.647236824035645	224.37551879882812
1560.0	2480.0	-10.276253700256348	221.24075317382812
1560.0	2488.0	-9.483891487121582	222.88063049316406
1560.0	2495.0	-10.586112022399902	231.93060302734375
1560.0	2498.0	-10.303312301635742	225.48643493652344
1560.0	2500.0	-9.583911895751953	225.1884307861328
1560.0	2501.0	-10.230208396911621	224.533447265625
1560.0	2502.0	-9.238277435302734	223.91468811035156
1584.0	0.0	-11.647292137145996	224.3754425048828
1584.0	2488.0	-10.97504711151123	223.2165069580078
1584.0	2495.0	-9.260798454284668	232.9816436767578
1584.0	2498.0	-10.479839324951172	225.20822143554688
1584.0	2500.0	-9.796468734741211	225.03353881835938
1584.0	2501.0	-10.409398078918457	224.2183837890625
1584.0	2503.0	-9.390151977539062	223.1707763671875
1608.0	0.0	-11.647346496582031	224.37535095214844
1608.0	2488.0	-10.967060089111328	222.7266387939453
1608.0	2495.0	-10.44307804107666	227.31813049316406
1608.0	2498.0	-10.604421615600586	224.92938232421875
1608.0	2500.0	-10.377140045166016	224.70310974121094
1608.0	2501.0	-10.47977352142334	224.1078643798828
1608.0	2503.0	-9.461615562438965	223.28936767578125
1632.0	0.0	-11.647409439086914	224.37525939941406
1632.0	2495.0	-10.264471054077148	227.14474487304688
1632.0	2498.0	-10.684038162231445	224.5881805419922
1632.0	2501.0	-10.383207321166992	223.8955535888672
1632.0	2504.0	-10.4055814743042	224.37118530273438
1632.0	2505.0	-9.05668830871582	226.36976623535156
1656.0	0.0	-11.647417068481445	224.375244140625
1656.0	2495.0	-10.0997896194458	227.23477172851562
1656.0	2498.0	-10.783244132995605	224.42910766601562
1656.0	2501.0	-10.365580558776855	223.67678833007812
1656.0	2505.0	-9.182302474975586	226.24749755859375
1656.0	2488.0	-10.866019248962402	221.9042205810547
1656.0	2506.0	-9.884092330932617	225.29263305664062
1680.0	0.0	-11.647440910339355	224.3751983642578
1680.0	2495.0	-9.872149467468262	227.15875244140625
1680.0	2498.0	-10.789600372314453	224.18446350097656
1680.0	2501.0	-10.900757789611816	223.87054443359375
1680.0	2505.0	-9.260552406311035	226.12013244628906
1680.0	2488.0	-10.648652076721191	221.5044403076172
1680.0	2506.0	-9.928506851196289	225.12088012695312
1680.0	2508.0	-10.318798065185547	224.5688018798828
1704.0	0.0	-11.64749526977539	224.3751220703125
1704.0	2495.0	-9.632150650024414	227.142333984375
1704.0	2498.0	-10.783431053161621	223.9071502685547
1704.0	2501.0	-10.95323371887207	223.76126098632812
1704.0	2505.0	-9.374829292297363	225.9643096923828
1704.0	2488.0	-10.60728931427002	221.19573974609375
1704.0	2506.0	-9.928191184997559	225.00047302246094
1704.0	2508.0	-10.444681167602539	224.50994873046875
1728.0	0.0	-11.647581100463867	224.37498474121094
1728.0	2495.0	-9.362994194030762	227.15394592285156
1728.0	2498.0	-10.800346374511719	223.68841552734375
1728.0	2505.0	-9.459430694580078	225.91165161132812
1728.0	2488.0	-10.700305938720703	221.3475799560547
1728.0	2506.0	-10.02872085571289	224.85214233398438
1728.0	2508.0	-10.551186561584473	224.30677795410156
1728.0	2509.0	-10.490225791931152	224.1532745361328
1752.0	0.0	-11.64762020111084	224.3749237060547
1752.0	2495.0	-9.133631706237793	227.02587890625
1752.0	2498.0	-10.84384536743164	223.4969024658203
1752.0	2505.0	-9.559404373168945	225.83079528808594
1752.0	2488.0	-10.687870025634766	221.33291625976562
1752.0	2506.0	-10.111358642578125	224.69754028320312
1752.0	2508.0	-10.673490524291992	224.23133850097656
1776.0	0.0	-11.647690773010254	224.3748016357422
1776.0	2498.0	-10.908424377441406	223.3394012451172
1776.0	2505.0	-9.652938842773438	225.75497436523438
1776.0	2488.0	-11.258203506469727	223.15318298339844
1776.0	2506.0	-10.147215843200684	224.47471618652344
1776.0	2508.0	-10.894048690795898	224.07826232910156
1800.0	0.0	-11.647714614868164	224.37477111816406
1800.0	2498.0	-10.897683143615723	223.1525115966797
1800.0	2505.0	-9.765629768371582	225.62167358398438
1800.0	2506.0	-10.315155982971191	224.23568725585938
1800.0	2508.0	-10.9389009475708	224.01939392089844
1800.0	2510.0	-9.055288314819336	224.7510528564453
1824.0	0.0	-11.64779281616211	224.37464904785156
1824.0	2498.0	-10.923665046691895	223.06336975097656
1824.0	2505.0	-9.860029220581055	225.4834747314453
1824.0	2506.0	-10.426521301269531	224.16098022460938
1824.0	2508.0	-10.907105445861816	223.8870391845703
1824.0	2510.0	-9.04828929901123	224.66099548339844
1824.0	2511.0	-9.577652931213379	226.16647338867188
1824.0	2488.0	-11.211174011230469	223.01290893554688
1848.0	0.0	-11.647831916809082	224.3745880126953
1848.0	2498.0	-10.996465682983398	222.95704650878906
1848.0	2505.0	-9.879839897155762	225.35516357421875
1848.0	2506.0	-10.321176528930664	223.8801727294922
1848.0	2508.0	-10.852323532104492	223.76890563964844
1848.0	2510.0	-9.03847599029541	224.66049194335938
1848.0	2511.0	-9.774375915527344	226.12808227539062
1848.0	2513.0	-9.252140998840332	223.9820098876953
1872.0	0.0	-11.647871017456055	224.37452697753906
1872.0	2498.0	-11.03249740600586	222.76866149902344
1872.0	2505.0	-9.858039855957031	225.22055053710938
1872.0	2506.0	-10.349289894104004	223.59628295898438
1872.0	2508.0	-10.942792892456055	223.6571807861328
1872.0	2510.0	-9.031747817993164	224.6697998046875
1872.0	2511.0	-9.962507247924805	226.12744140625
1872.0	2513.0	-9.182204246520996	224.0230712890625
1872.0	2514.0	-11.036028861999512	223.4550018310547
1896.0	0.0	-11.647964477539062	224.37437438964844
1896.0	2498.0	-11.033402442932129	222.62550354003906
1896.0	2505.0	-9.855149269104004	225.12008666992188
1896.0	2506.0	-10.220001220703125	223.36688232421875
1896.0	2508.0	-10.947305679321289	223.5500946044922
1896.0	2510.0	-9.033794403076172	224.66944885253906
1896.0	2511.0	-10.210193634033203	226.09732055664062
1896.0	2513.0	-9.062480926513672	224.0446014404297
1920.0	0.0	-11.647995948791504	224.37432861328125
1920.0	2498.0	-11.259718894958496	223.2856903076172
1920.0	2505.0	-9.873568534851074	225.10171508789062
1920.0	2506.0	-10.24570369720459	223.1441192626953
1920.0	2508.0	-10.82406234741211	223.3351593017578
1920.0	2510.0	-9.03216552734375	224.67227172851562
1920.0	2511.0	-10.397904396057129	226.0430145263672
1920.0	2513.0	-9.029969215393066	224.05349731445312
1920.0	2515.0	-9.440532684326172	223.342529296875
1944.0	0.0	-11.647995948791504	224.37432861328125
1944.0	2498.0	-11.206318855285645	223.19236755371094
1944.0	2505.0	-9.854403495788574	225.09706115722656
1944.0	2506.0	-10.195062637329102	222.88356018066406
1944.0	2508.0	-10.89600944519043	223.18153381347656
1944.0	2510.0	-9.030266761779785	224.6730194091797
1944.0	2511.0	-10.628443717956543	226.16246032714844
1944.0	2513.0	-9.098749160766602	224.06051635742188
1944.0	2515.0	-9.558015823364258	223.4219207763672
1968.0	0.0	-11.648011207580566	224.37429809570312
1968.0	2498.0	-11.132241249084473	222.9702606201172
1968.0	2505.0	-9.833212852478027	225.1138458251953
1968.0	2506.0	-10.157992362976074	222.69952392578125
1968.0	2508.0	-10.857328414916992	223.10459899902344
1968.0	2510.0	-9.022648811340332	224.67469787597656
1968.0	2511.0	-10.687500953674316	226.22042846679688
1968.0	2513.0	-9.110140800476074	224.05714416503906
1968.0	2515.0	-9.665449142456055	223.4801025390625
1968.0	2516.0	-10.077922821044922	223.26971435546875
1968.0	2517.0	-8.78670883178711	226.9613037109375
1992.0	0.0	-11.647995948791504	224.37432861328125
1992.0	2498.0	-11.08443546295166	222.7135772705078
1992.0	2505.0	-9.806594848632812	225.11732482910156
1992.0	2506.0	-9.988312721252441	222.5482177734375
1992.0	2508.0	-10.795251846313477	222.99249267578125
1992.0	2510.0	-9.032142639160156	224.67178344726562
1992.0	2511.0	-10.748766899108887	226.28359985351562
1992.0	2513.0	-9.080392837524414	224.05340576171875
1992.0	2515.0	-9.701292037963867	223.5924835205078
1992.0	2516.0	-10.23074722290039	223.40020751953125
1992.0	2517.0	-8.757596015930176	227.0065460205078
1992.0	2518.0	-10.887660026550293	228.5840301513672
2016.0	0.0	-11.64792537689209	224.3744354248047
2016.0	2498.0	-11.02783489227295	222.70831298828125
2016.0	2505.0	-9.803282737731934	225.12005615234375
2016.0	2506.0	-9.360295295715332	221.8463134765625
2016.0	2508.0	-10.717914581298828	222.81959533691406
2016.0	2510.0	-9.041733741760254	224.67054748535156
2016.0	2511.0	-10.703509330749512	226.3208465576172
2016.0	2513.0	-9.092442512512207	224.05332946777344
2016.0	2515.0	-9.714967727661133	223.6613311767578
2016.0	2516.0	-10.242509841918945	223.46914672851562
2016.0	2517.0	-8.73459529876709	227.01708984375
2016.0	2518.0	-11.215686798095703	228.23089599609375
2040.0	0.0	-11.647940635681152	224.37442016601562
2040.0	2505.0	-9.820981979370117	225.11061096191406
2040.0	2508.0	-10.643290519714355	222.7198486328125
2040.0	2510.0	-9.05318546295166	224.66807556152344
2040.0	2511.0	-10.67839527130127	226.30352783203125
2040.0	2513.0	-9.114961624145508	224.03500366210938
2040.0	2515.0	-9.712716102600098	223.70880126953125
2040.0	2516.0	-10.270712852478027	223.541015625
2040.0	2517.0	-8.752311706542969	226.99801635742188
2040.0	2518.0	-11.524482727050781	227.99734497070312
2040.0	2506.0	-9.759672164916992	222.22164916992188
2064.0	0.0	-11.647972106933594	224.37435913085938
2064.0	2505.0	-9.826939582824707	225.11981201171875
2064.0	2508.0	-10.530228614807129	222.48568725585938
2064.0	2510.0	-9.055590629577637	224.67156982421875
2064.0	2511.0	-10.661314010620117	226.302001953125
2064.0	2513.0	-9.132253646850586	224.0268096923828
2064.0	2515.0	-9.710643768310547	223.7210693359375
2064.0	2516.0	-10.390235900878906	223.65118408203125
2064.0	2517.0	-8.773053169250488	226.96119689941406
2064.0	2518.0	-11.922636032104492	227.7786102294922
2064.0	2506.0	-9.713010787963867	222.1165008544922
2088.0	0.0	-11.647956848144531	224.3743896484375
2088.0	2505.0	-9.826382637023926	225.123779296875
2088.0	2508.0	-10.724701881408691	222.44671630859375
2088.0	2510.0	-9.059375762939453	224.6705322265625
2088.0	2511.0	-10.70159912109375	226.3223419189453
2088.0	2513.0	-9.125371932983398	224.0327606201172
2088.0	2515.0	-9.717732429504395	223.7185821533203
2088.0	2516.0	-10.44991683959961	223.64144897460938
2088.0	2517.0	-8.757802963256836	226.9950714111328
2088.0	2518.0	-12.23764705657959	227.54966735839844
2088.0	2506.0	-9.603202819824219	222.02639770507812
2112.0	0.0	-11.647948265075684	224.37440490722656
2112.0	2505.0	-9.825441360473633	225.1320037841797
2112.0	2508.0	-10.223657608032227	221.25247192382812
2112.0	2510.0	-9.059608459472656	224.67263793945312
2112.0	2511.0	-10.700084686279297	226.33201599121094
2112.0	2513.0	-9.125537872314453	224.031494140625
2112.0	2515.0	-9.727190017700195	223.721435546875
2112.0	2516.0	-10.461971282958984	223.61962890625
2112.0	2517.0	-8.742560386657715	226.9901580810547
2112.0	2518.0	-12.465339660644531	227.23585510253906
2112.0	2506.0	-9.541122436523438	221.92674255371094
2136.0	0.0	-11.647910118103027	224.3744659423828
2136.0	2505.0	-9.824076652526855	225.1392364501953
2136.0	2508.0	-10.240699768066406	221.1376495361328
2136.0	2510.0	-9.059691429138184	224.67169189453125
2136.0	2511.0	-10.694731712341309	226.3368682861328
2136.0	2513.0	-9.145062446594238	224.03614807128906
2136.0	2515.0	-9.726130485534668	223.7183837890625
2136.0	2516.0	-10.386544227600098	223.54478454589844
2136.0	2518.0	-12.609230041503906	227.1253204345703
2136.0	2506.0	-10.667425155639648	223.2419891357422
2160.0	0.0	-11.647910118103027	224.3744659423828
2160.0	2505.0	-9.816747665405273	225.1372833251953
2160.0	2508.0	-10.979153633117676	222.23861694335938
2160.0	2510.0	-9.065142631530762	224.6676025390625
2160.0	2511.0	-10.696043968200684	226.3347930908203
2160.0	2513.0	-9.144523620605469	224.04010009765625
2160.0	2515.0	-9.725875854492188	223.71279907226562
2160.0	2516.0	-10.198869705200195	223.32403564453125
2160.0	2518.0	-12.941496849060059	226.89328002929688
2160.0	2506.0	-10.500435829162598	223.09097290039062
2160.0	2517.0	-8.857234001159668	226.9291534423828
2160.0	2519.0	-9.786009788513184	221.5039520263672
2184.0	0.0	-11.647871017456055	224.37452697753906
2184.0	2505.0	-9.818497657775879	225.136474609375
2184.0	2508.0	-10.991097450256348	222.12608337402344
2184.0	2510.0	-9.057258605957031	224.67013549804688
2184.0	2511.0	-10.694391250610352	226.32534790039062
2184.0	2513.0	-9.060245513916016	224.0364990234375
2184.0	2515.0	-9.726088523864746	223.71212768554688
2184.0	2516.0	-10.25833797454834	223.25929260253906
2184.0	2518.0	-13.252370834350586	226.67428588867188
2184.0	2506.0	-10.448781967163086	223.09751892089844
2184.0	2517.0	-8.87347412109375	226.89068603515625
2184.0	2519.0	-9.744468688964844	221.5530548095703
2208.0	0.0	-11.647854804992676	224.37454223632812
2208.0	2505.0	-9.818492889404297	225.13662719726562
2208.0	2510.0	-9.060908317565918	224.66598510742188
2208.0	2511.0	-10.747856140136719	226.21389770507812
2208.0	2513.0	-9.050674438476562	224.02626037597656
2208.0	2515.0	-9.714263916015625	223.7041778564453
2208.0	2516.0	-10.204781532287598	223.163818359375
2208.0	2518.0	-13.364153861999512	226.48675537109375
2208.0	2517.0	-8.888692855834961	226.8896942138672
2208.0	2519.0	-10.614060401916504	222.8821563720703
2232.0	0.0	-11.647847175598145	224.3745574951172
2232.0	2505.0	-9.832430839538574	225.1386260986328
2232.0	2510.0	-9.056925773620605	224.6670379638672
2232.0	2511.0	-10.92595386505127	226.23068237304688
2232.0	2513.0	-9.061514854431152	224.0209503173828
2232.0	2515.0	-9.675765037536621	223.5977325439453
2232.0	2516.0	-10.249714851379395	223.1002655029297
2232.0	2518.0	-13.858255386352539	226.22630310058594
2232.0	2517.0	-8.853545188903809	226.9192657470703
2256.0	0.0	-11.647839546203613	224.37457275390625
2256.0	2505.0	-9.819902420043945	225.1450958251953
2256.0	2510.0	-9.055055618286133	224.6682586669922
2256.0	2511.0	-10.958338737487793	226.23678588867188
2256.0	2513.0	-9.067951202392578	224.01202392578125
2256.0	2515.0	-9.65291976928711	223.5384979248047
2256.0	2516.0	-10.204153060913086	223.09413146972656
2256.0	2517.0	-8.852835655212402	226.9126434326172
2280.0	0.0	-11.647878646850586	224.37451171875
2280.0	2505.0	-9.82292366027832	225.14190673828125
2280.0	2510.0	-9.056686401367188	224.6651611328125
2280.0	2511.0	-11.039457321166992	226.274169921875
2280.0	2513.0	-9.122763633728027	224.0033416748047
2280.0	2515.0	-9.638535499572754	223.4772491455078
2280.0	2516.0	-10.202407836914062	223.08705139160156
2280.0	2517.0	-8.874361991882324	226.91543579101562
2304.0	0.0	-11.647854804992676	224.37454223632812
2304.0	2505.0	-10.065540313720703	225.01673889160156
2304.0	2510.0	-9.0538911819458	224.6729736328125
2304.0	2511.0	-11.015604972839355	226.1785888671875
2304.0	2513.0	-9.08953857421875	223.98680114746094
2304.0	2515.0	-9.659357070922852	223.38235473632812
2304.0	2516.0	-10.142668724060059	223.0855255126953
2304.0	2517.0	-8.860676765441895	226.96534729003906
2328.0	0.0	-11.647862434387207	224.37454223632812
2328.0	2505.0	-10.075647354125977	225.0098876953125
2328.0	2510.0	-9.063393592834473	224.67233276367188
2328.0	2511.0	-10.999160766601562	226.1168975830078
2328.0	2513.0	-9.087119102478027	223.97520446777344
2328.0	2515.0	-9.6497220993042	223.38162231445312
2328.0	2516.0	-10.144662857055664	223.08935546875
2328.0	2517.0	-8.87910270690918	226.97637939453125
2328.0	2520.0	-14.686958312988281	226.14553833007812
2352.0	0.0	-11.647746086120605	224.37472534179688
2352.0	2505.0	-9.904156684875488	225.07382202148438
2352.0	2510.0	-9.05031681060791	224.67877197265625
2352.0	2511.0	-11.114507675170898	226.08023071289062
2352.0	2513.0	-9.096037864685059	223.982666015625
2352.0	2515.0	-9.647915840148926	223.38758850097656
2352.0	2516.0	-10.198058128356934	223.12237548828125
2352.0	2517.0	-8.87483024597168	226.9895477294922
2352.0	2520.0	-14.872576713562012	226.24002075195312
2376.0	0.0	-11.647886276245117	224.37449645996094
2376.0	2505.0	-10.103791236877441	225.00338745117188
2376.0	2510.0	-9.048965454101562	224.68316650390625
2376.0	2511.0	-11.336355209350586	226.16363525390625
2376.0	2513.0	-9.162489891052246	224.041259765625
2376.0	2515.0	-9.649951934814453	223.39691162109375
2376.0	2516.0	-10.218533515930176	223.12269592285156
2376.0	2517.0	-8.94209098815918	226.9440460205078
2376.0	2520.0	-15.133271217346191	226.35218811035156
2400.0	0.0	-11.647823333740234	224.37460327148438
2400.0	2505.0	-10.108283996582031	225.04122924804688
2400.0	2510.0	-9.052714347839355	224.68191528320312
2400.0	2511.0	-11.508767127990723	226.47457885742188
2400.0	2513.0	-9.131359100341797	224.03257751464844
2400.0	2515.0	-9.64661693572998	223.3947296142578
2400.0	2516.0	-10.213897705078125	223.12208557128906
2400.0	2517.0	-8.972098350524902	226.95809936523438
2400.0	2520.0	-15.333942413330078	226.4029998779297
2424.0	0.0	-11.64777660369873	224.3746795654297
2424.0	2505.0	-10.090773582458496	225.13723754882812
2424.0	2510.0	-9.048759460449219	224.68212890625
2424.0	2511.0	-11.589507102966309	226.4980926513672
2424.0	2513.0	-9.090922355651855	224.0329132080078
2424.0	2515.0	-9.65265941619873	223.4003448486328
2424.0	2516.0	-10.325517654418945	223.2264404296875
2424.0	2517.0	-8.972418785095215	226.9643096923828
2424.0	2520.0	-15.328977584838867	226.35023498535156
2448.0	0.0	-11.647737503051758	224.37474060058594
2448.0	2505.0	-10.010255813598633	225.19996643066406
2448.0	2510.0	-9.047779083251953	224.67396545410156
2448.0	2511.0	-11.70839786529541	226.450927734375
2448.0	2513.0	-9.100689888000488	224.032958984375
2448.0	2515.0	-9.645373344421387	223.40174865722656
2448.0	2516.0	-10.326911926269531	223.22378540039062
2448.0	2517.0	-8.964988708496094	226.95089721679688
2472.0	0.0	-11.647675514221191	224.3748321533203
2472.0	2505.0	-9.996040344238281	225.26388549804688
2472.0	2510.0	-9.055498123168945	224.67381286621094
2472.0	2511.0	-11.773179054260254	226.4481658935547
2472.0	2513.0	-9.108372688293457	224.03407287597656
2472.0	2515.0	-9.627671241760254	223.3929443359375
2472.0	2516.0	-10.301438331604004	223.21453857421875
2472.0	2517.0	-8.986489295959473	226.93600463867188
2496.0	0.0	-11.64764404296875	224.3748779296875
2496.0	2505.0	-9.997529029846191	225.26669311523438
2496.0	2510.0	-9.052044868469238	224.67803955078125
2496.0	2511.0	-11.829827308654785	226.51295471191406
2496.0	2513.0	-9.109026908874512	224.02928161621094
2496.0	2515.0	-9.625337600708008	223.38870239257812
2496.0	2516.0	-10.278379440307617	223.19056701660156
2496.0	2517.0	-9.116631507873535	226.87326049804688
2520.0	0.0	-11.647636413574219	224.37489318847656
2520.0	2505.0	-10.011554718017578	225.27157592773438
2520.0	2510.0	-9.04802131652832	224.67726135253906
2520.0	2511.0	-11.833426475524902	226.54812622070312
2520.0	2513.0	-9.09520149230957	224.0302734375
2520.0	2515.0	-9.623013496398926	223.3889617919922
2520.0	2516.0	-10.208702087402344	223.1251678466797
2520.0	2517.0	-9.354510307312012	226.73878479003906
2520.0	2522.0	-20.260650634765625	226.78013610839844
2544.0	0.0	-11.647636413574219	224.37489318847656
2544.0	2505.0	-10.022675514221191	225.27932739257812
2544.0	2510.0	-9.049992561340332	224.6774139404297
2544.0	2511.0	-11.829350471496582	226.5800018310547
2544.0	2513.0	-9.103251457214355	224.03038024902344
2544.0	2515.0	-9.633312225341797	223.39036560058594
2544.0	2516.0	-10.207304954528809	223.11180114746094
2544.0	2517.0	-9.66087532043457	226.6420135498047
2544.0	2522.0	-15.59437084197998	225.2212677001953
2568.0	0.0	-11.647660255432129	224.37486267089844
2568.0	2505.0	-10.03919506072998	225.2882537841797
2568.0	2510.0	-9.054272651672363	224.6802978515625
2568.0	2511.0	-11.821608543395996	226.6121063232422
2568.0	2513.0	-9.087745666503906	224.02577209472656
2568.0	2515.0	-9.639445304870605	223.4003448486328
2568.0	2516.0	-10.217206954956055	223.11871337890625
2568.0	2517.0	-9.946972846984863	226.5954132080078
2592.0	0.0	-11.647651672363281	224.37486267089844
2592.0	2505.0	-10.034476280212402	225.28807067871094
2592.0	2510.0	-9.05228328704834	224.68014526367188
2592.0	2511.0	-11.835217475891113	226.59518432617188
2592.0	2513.0	-9.091938972473145	224.0245819091797
2592.0	2515.0	-9.593138694763184	223.4242401123047
2592.0	2516.0	-10.218058586120605	223.11773681640625
2592.0	2517.0	-10.295372009277344	226.4042510986328
2616.0	0.0	-11.64764404296875	224.3748779296875
2616.0	2505.0	-10.037245750427246	225.29302978515625
2616.0	2510.0	-9.05003833770752	224.67796325683594
2616.0	2511.0	-11.856607437133789	226.60719299316406
2616.0	2513.0	-9.103879928588867	224.0256805419922
2616.0	2515.0	-9.617278099060059	223.4008026123047
2616.0	2516.0	-10.197871208190918	223.10203552246094
2616.0	2517.0	-10.383862495422363	226.4241943359375
2640.0	0.0	-11.647597312927246	224.3749542236328
2640.0	2505.0	-10.029945373535156	225.29652404785156
2640.0	2510.0	-9.050132751464844	224.6792449951172
2640.0	2511.0	-11.960105895996094	226.77232360839844
2640.0	2513.0	-9.113652229309082	224.02774047851562
2640.0	2515.0	-9.672334671020508	223.42230224609375
2640.0	2516.0	-10.190431594848633	223.09165954589844
2640.0	2517.0	-10.409810066223145	226.4143829345703
2640.0	2523.0	-15.763956069946289	224.21783447265625
2664.0	0.0	-11.64764404296875	224.3748779296875
2664.0	2505.0	-10.025218963623047	225.2920379638672
2664.0	2510.0	-9.055946350097656	224.67799377441406
2664.0	2511.0	-12.017003059387207	226.76412963867188
2664.0	2513.0	-9.11067008972168	224.0204620361328
2664.0	2515.0	-9.611124038696289	223.40643310546875
2664.0	2516.0	-10.192959785461426	223.08876037597656
2664.0	2517.0	-10.416749000549316	226.4137725830078
2664.0	2523.0	-15.819061279296875	223.9831085205078
2688.0	0.0	-11.647612571716309	224.37493896484375
2688.0	2505.0	-10.024141311645508	225.28614807128906
2688.0	2510.0	-9.056233406066895	224.68075561523438
2688.0	2511.0	-12.950919151306152	230.06353759765625
2688.0	2513.0	-9.103778839111328	224.02633666992188
2688.0	2515.0	-9.589240074157715	223.42031860351562
2688.0	2516.0	-10.189935684204102	223.08917236328125
2688.0	2517.0	-10.297439575195312	226.60108947753906
2712.0	0.0	-11.64764404296875	224.3748779296875
2712.0	2505.0	-10.017080307006836	225.2898406982422
2712.0	2510.0	-9.052499771118164	224.68214416503906
2712.0	2511.0	-13.02947998046875	230.01524353027344
2712.0	2513.0	-9.092683792114258	224.0190887451172
2712.0	2515.0	-9.620595932006836	223.40760803222656
2712.0	2516.0	-10.192774772644043	223.09600830078125
2712.0	2517.0	-10.256489753723145	226.58749389648438
2736.0	0.0	-11.647698402404785	224.3748016357422
2736.0	2505.0	-10.02236270904541	225.28683471679688
2736.0	2510.0	-9.048800468444824	224.68356323242188
2736.0	2511.0	-12.23050308227539	226.6783905029297
2736.0	2513.0	-9.090191841125488	224.0227813720703
2736.0	2515.0	-9.625838279724121	223.40126037597656
2736.0	2516.0	-10.192455291748047	223.0963592529297
2736.0	2517.0	-9.09850788116455	228.0039825439453
2736.0	2524.0	-10.96587085723877	228.97183227539062
2760.0	0.0	-11.647675514221191	224.3748321533203
2760.0	2505.0	-10.033330917358398	225.2900848388672
2760.0	2510.0	-9.052495002746582	224.68186950683594
2760.0	2511.0	-12.309025764465332	226.58485412597656
2760.0	2513.0	-9.485567092895508	224.0686492919922
2760.0	2515.0	-9.633670806884766	223.41448974609375
2760.0	2516.0	-10.185302734375	223.08836364746094
2760.0	2517.0	-8.95873737335205	227.3556365966797
2784.0	0.0	-11.647651672363281	224.37486267089844
2784.0	2505.0	-10.036033630371094	225.29086303710938
2784.0	2510.0	-9.0466947555542	224.68283081054688
2784.0	2511.0	-12.424065589904785	226.56654357910156
2784.0	2513.0	-9.148141860961914	224.0268096923828
2784.0	2515.0	-9.653557777404785	223.46546936035156
2784.0	2516.0	-10.182244300842285	223.0888214111328
2784.0	2517.0	-9.145684242248535	226.5928192138672
2808.0	0.0	-11.647604942321777	224.37493896484375
2808.0	2505.0	-10.038619041442871	225.2954559326172
2808.0	2510.0	-9.036840438842773	224.6826171875
2808.0	2511.0	-12.548816680908203	226.54348754882812
2808.0	2513.0	-9.096746444702148	224.01882934570312
2808.0	2515.0	-9.542315483093262	223.25714111328125
2808.0	2516.0	-10.171466827392578	223.0829315185547
2832.0	0.0	-11.647613525390625	224.37493896484375
2832.0	2505.0	-10.035689353942871	225.28622436523438
2832.0	2510.0	-9.03703784942627	224.68421936035156
2832.0	2511.0	-12.604887962341309	226.5692138671875
2832.0	2513.0	-9.084505081176758	224.01979064941406
2832.0	2515.0	-9.50373363494873	223.16116333007812
2832.0	2516.0	-10.161553382873535	223.08517456054688
2856.0	0.0	-11.647550582885742	224.37503051757812
2856.0	2505.0	-10.025677680969238	225.28904724121094
2856.0	2510.0	-9.043993949890137	224.67724609375
2856.0	2511.0	-12.614899635314941	226.58538818359375
2856.0	2513.0	-9.065228462219238	224.0128936767578
2856.0	2516.0	-10.155065536499023	223.08352661132812
2880.0	0.0	-11.647558212280273	224.37501525878906
2880.0	2505.0	-10.017391204833984	225.2764129638672
2880.0	2510.0	-9.044782638549805	224.6840362548828
2880.0	2511.0	-12.664207458496094	226.5697479248047
2880.0	2513.0	-9.057567596435547	224.0098876953125
2880.0	2516.0	-10.159475326538086	223.07540893554688
2904.0	0.0	-11.647542953491211	224.3750457763672
2904.0	2505.0	-10.02859878540039	225.29832458496094
2904.0	2510.0	-9.044317245483398	224.68023681640625
2904.0	2511.0	-12.610503196716309	226.57986450195312
2904.0	2513.0	-9.055041313171387	224.01341247558594
2904.0	2516.0	-10.167488098144531	223.07839965820312
2904.0	2526.0	-13.770812034606934	226.8243408203125
2928.0	0.0	-11.6475191116333	224.3750762939453
2928.0	2505.0	-10.031061172485352	225.29290771484375
2928.0	2510.0	-9.051857948303223	224.68258666992188
2928.0	2511.0	-12.60883617401123	226.58062744140625
2928.0	2513.0	-9.04871654510498	224.01731872558594
2928.0	2516.0	-10.178070068359375	223.08033752441406
2928.0	2526.0	-13.887146949768066	226.3267059326172
2952.0	0.0	-11.647558212280273	224.37501525878906
2952.0	2505.0	-10.047808647155762	225.2955780029297
2952.0	2510.0	-9.05556869506836	224.68045043945312
2952.0	2511.0	-12.616683006286621	226.5901336669922
2952.0	2513.0	-9.064471244812012	224.04885864257812
2952.0	2516.0	-10.176581382751465	223.07411193847656
2952.0	2526.0	-13.888629913330078	225.8765411376953
2976.0	0.0	-11.647542953491211	224.3750457763672
2976.0	2505.0	-10.055423736572266	225.29945373535156
2976.0	2510.0	-9.071795463562012	224.6860809326172
2976.0	2511.0	-12.614781379699707	226.58663940429688
2976.0	2513.0	-9.083029747009277	224.0965118408203
2976.0	2516.0	-10.188278198242188	223.08641052246094
2976.0	2526.0	-13.949716567993164	225.57386779785156
3000.0	0.0	-11.64753532409668	224.37506103515625
3000.0	2505.0	-10.0557279586792	225.29611206054688
3000.0	2510.0	-9.078962326049805	224.68116760253906
3000.0	2511.0	-12.606968879699707	226.58140563964844
3000.0	2513.0	-9.103605270385742	224.11087036132812
3000.0	2516.0	-10.189847946166992	223.08758544921875
3000.0	2526.0	-14.034143447875977	225.40769958496094
3024.0	0.0	-11.647589683532715	224.37496948242188
3024.0	2505.0	-10.064645767211914	225.29556274414062
3024.0	2510.0	-9.09229564666748	224.67822265625
3024.0	2511.0	-12.623163223266602	226.6175994873047
3024.0	2513.0	-9.074195861816406	224.10414123535156
3024.0	2516.0	-10.188648223876953	223.08010864257812
3024.0	2526.0	-14.123414039611816	225.4759521484375
3048.0	0.0	-11.647589683532715	224.37496948242188
3048.0	2505.0	-10.05869197845459	225.293212890625
3048.0	2510.0	-9.073156356811523	224.6810302734375
3048.0	2511.0	-12.683538436889648	226.71121215820312
3048.0	2513.0	-9.050617218017578	224.04689025878906
3048.0	2516.0	-10.195945739746094	223.08656311035156
3072.0	0.0	-11.64753532409668	224.37506103515625
3072.0	2505.0	-10.048763275146484	225.2973175048828
3072.0	2510.0	-9.083861351013184	224.6731414794922
3072.0	2511.0	-12.68290901184082	226.75302124023438
3072.0	2513.0	-9.046346664428711	224.0178985595703
3072.0	2516.0	-10.204421997070312	223.09170532226562
3096.0	0.0	-11.6475191116333	224.3750762939453
3096.0	2505.0	-10.049169540405273	225.30209350585938
3096.0	2510.0	-9.076451301574707	224.67654418945312
3096.0	2511.0	-12.561306953430176	226.53665161132812
3096.0	2513.0	-9.016585350036621	224.0235137939453
3096.0	2516.0	-10.201146125793457	223.08367919921875
3120.0	0.0	-11.647558212280273	224.37501525878906
3120.0	2505.0	-10.044363021850586	225.29364013671875
3120.0	2510.0	-9.075719833374023	224.66990661621094
3120.0	2511.0	-12.526422500610352	226.53131103515625
3120.0	2513.0	-9.0505952835083	224.02122497558594
3120.0	2516.0	-10.181326866149902	222.98602294921875
3144.0	0.0	-11.647527694702148	224.37506103515625
3144.0	2505.0	-10.057324409484863	225.30401611328125
3144.0	2510.0	-9.067352294921875	224.6756591796875
3144.0	2511.0	-12.525634765625	226.52784729003906
3144.0	2513.0	-9.079778671264648	224.0252685546875
3144.0	2516.0	-10.379094123840332	222.99905395507812
3168.0	0.0	-11.647527694702148	224.37506103515625
3168.0	2505.0	-10.092273712158203	225.27809143066406
3168.0	2510.0	-9.081629753112793	224.6712188720703
3168.0	2511.0	-12.53624153137207	226.55096435546875
3168.0	2513.0	-9.0772066116333	224.0291748046875
3168.0	2516.0	-10.649927139282227	223.0636749267578
3168.0	2528.0	-14.850675582885742	225.8620147705078
3168.0	2529.0	-9.628992080688477	223.1049346923828
3192.0	0.0	-11.647496223449707	224.3751220703125
3192.0	2505.0	-10.107489585876465	225.2830352783203
3192.0	2510.0	-9.078383445739746	224.67666625976562
3192.0	2511.0	-12.538440704345703	226.5436248779297
3192.0	2513.0	-9.079170227050781	224.0010528564453
3192.0	2516.0	-10.900983810424805	223.0741424560547
3192.0	2528.0	-14.847447395324707	225.84994506835938
3192.0	2529.0	-9.791951179504395	223.12448120117188
3216.0	0.0	-11.6475191116333	224.3750762939453
3216.0	2505.0	-10.090145111083984	225.29763793945312
3216.0	2510.0	-9.070756912231445	224.67774963378906
3216.0	2511.0	-12.535672187805176	226.54086303710938
3216.0	2513.0	-9.073436737060547	223.95323181152344
3216.0	2516.0	-11.20296573638916	223.1447296142578
3216.0	2529.0	-10.199567794799805	223.19534301757812
3240.0	0.0	-11.647457122802734	224.37518310546875
3240.0	2505.0	-10.086762428283691	225.29913330078125
3240.0	2510.0	-9.089341163635254	224.67071533203125
3240.0	2511.0	-12.538289070129395	226.5351104736328
3240.0	2513.0	-9.213875770568848	223.9376983642578
3240.0	2529.0	-10.500036239624023	223.24891662597656
3264.0	0.0	-11.647480964660645	224.37513732910156
3264.0	2505.0	-10.09691333770752	225.28485107421875
3264.0	2510.0	-9.074010848999023	224.6726837158203
3264.0	2511.0	-12.543635368347168	226.5613555908203
3264.0	2513.0	-9.36227035522461	223.8411102294922
3264.0	2529.0	-8.645859718322754	220.3898162841797
3288.0	0.0	-11.647503852844238	224.37510681152344
3288.0	2505.0	-10.116973876953125	225.2676239013672
3288.0	2510.0	-9.050118446350098	224.6628875732422
3288.0	2511.0	-12.664237022399902	226.72291564941406
3288.0	2513.0	-9.313111305236816	223.80621337890625
3288.0	2529.0	-9.864636421203613	220.45626831054688
3312.0	0.0	-11.64753532409668	224.37506103515625
3312.0	2505.0	-10.140392303466797	225.16510009765625
3312.0	2510.0	-9.055508613586426	224.6393585205078
3312.0	2511.0	-12.616114616394043	226.7431182861328
3312.0	2513.0	-9.305329322814941	223.74807739257812
3336.0	0.0	-11.64753532409668	224.37506103515625
3336.0	2505.0	-10.203131675720215	225.04396057128906
3336.0	2510.0	-9.043723106384277	224.6232147216797
3336.0	2511.0	-12.564030647277832	226.80223083496094
3336.0	2513.0	-9.329632759094238	223.691162109375
3336.0	2533.0	-10.519131660461426	221.67372131347656
3336.0	2534.0	-9.436887741088867	221.11439514160156
3360.0	0.0	-11.64753532409668	224.37506103515625
3360.0	2505.0	-10.321982383728027	224.8186492919922
3360.0	2510.0	-10.149216651916504	224.50416564941406
3360.0	2511.0	-12.501270294189453	226.6433563232422
3360.0	2513.0	-9.28637981414795	223.71142578125
3360.0	2533.0	-10.667498588562012	222.2088165283203
3360.0	2534.0	-9.070423126220703	221.20249938964844
3384.0	0.0	-11.64751148223877	224.37509155273438
3384.0	2505.0	-10.405865669250488	224.65028381347656
3384.0	2510.0	-10.355059623718262	224.4423065185547
3384.0	2511.0	-13.684216499328613	229.5775146484375
3384.0	2513.0	-9.312786102294922	223.74342346191406
3384.0	2531.0	-15.677175521850586	224.54885864257812
3384.0	2533.0	-10.492606163024902	221.7452850341797
3408.0	0.0	-11.647441864013672	224.3751983642578
3408.0	2505.0	-10.431684494018555	224.38319396972656
3408.0	2511.0	-13.731809616088867	229.5399627685547
3408.0	2513.0	-10.405652046203613	224.04736328125
3408.0	2531.0	-14.94022274017334	225.15345764160156
3408.0	2533.0	-10.517705917358398	221.81201171875
3408.0	2534.0	-8.473126411437988	221.25379943847656
3432.0	0.0	-11.647457122802734	224.37518310546875
3432.0	2505.0	-10.509173393249512	224.0944061279297
3432.0	2511.0	-13.753693580627441	229.5206756591797
3432.0	2531.0	-13.504668235778809	225.28860473632812
3432.0	2533.0	-10.545894622802734	221.86465454101562
3432.0	2535.0	-12.76893424987793	224.32862854003906
3432.0	2534.0	-8.161498069763184	221.27037048339844
3432.0	2536.0	-9.036914825439453	224.58702087402344
3432.0	2537.0	-12.590577125549316	224.58721923828125
3456.0	0.0	-11.64741039276123	224.37525939941406
3456.0	2505.0	-10.351333618164062	223.81985473632812
3456.0	2511.0	-13.688116073608398	229.58029174804688
3456.0	2531.0	-13.577710151672363	225.6652069091797
3456.0	2533.0	-10.333023071289062	221.69906616210938
3456.0	2535.0	-13.01352596282959	224.64288330078125
3456.0	2534.0	-10.688854217529297	223.56394958496094
3456.0	2536.0	-9.029544830322266	224.57675170898438
3480.0	0.0	-11.647425651550293	224.37522888183594
3480.0	2505.0	-10.339069366455078	223.49703979492188
3480.0	2511.0	-13.602307319641113	229.61929321289062
3480.0	2531.0	-14.43459415435791	226.60781860351562
3480.0	2533.0	-10.08248233795166	221.59144592285156
3480.0	2535.0	-13.030649185180664	225.0614776611328
3480.0	2536.0	-9.209900856018066	224.56178283691406
3480.0	2538.0	-9.3662691116333	223.767333984375
3480.0	2539.0	-14.868560791015625	224.25172424316406
3504.0	0.0	-11.647395133972168	224.37527465820312
3504.0	2505.0	-10.434277534484863	223.21632385253906
3504.0	2511.0	-13.666906356811523	229.58441162109375
3504.0	2533.0	-10.774828910827637	223.0201416015625
3504.0	2535.0	-13.164562225341797	225.43646240234375
3504.0	2536.0	-9.056034088134766	224.5654754638672
3504.0	2538.0	-9.503029823303223	223.8618621826172
3504.0	2531.0	-12.924856185913086	225.6287078857422
3528.0	0.0	-11.647371292114258	224.3753204345703
3528.0	2505.0	-10.39824104309082	222.9228515625
3528.0	2511.0	-13.698126792907715	229.5763702392578
3528.0	2535.0	-13.361682891845703	225.84437561035156
3528.0	2536.0	-9.056089401245117	224.55702209472656
3528.0	2538.0	-9.622037887573242	223.94921875
3528.0	2531.0	-12.974437713623047	225.90576171875
3528.0	2540.0	-10.760527610778809	229.56321716308594
3552.0	0.0	-11.647363662719727	224.3753204345703
3552.0	2505.0	-10.328389167785645	222.59005737304688
3552.0	2511.0	-13.644607543945312	229.59925842285156
3552.0	2536.0	-9.042184829711914	224.58737182617188
3552.0	2538.0	-9.661864280700684	223.9374542236328
3552.0	2531.0	-13.031641960144043	226.24163818359375
3552.0	2540.0	-11.031193733215332	229.57212829589844
3552.0	2535.0	-14.104971885681152	226.8267822265625
3576.0	0.0	-11.64730167388916	224.37542724609375
3576.0	2505.0	-10.27888298034668	222.3677978515625
3576.0	2511.0	-12.42919635772705	226.3191680908203
3576.0	2536.0	-9.029220581054688	224.64173889160156
3576.0	2538.0	-9.646305084228516	223.9723358154297
3576.0	2531.0	-13.005249977111816	226.60386657714844
3576.0	2535.0	-13.82076644897461	227.1133575439453
3600.0	0.0	-11.647340774536133	224.3753662109375
3600.0	2505.0	-10.190491676330566	222.09788513183594
3600.0	2511.0	-12.393996238708496	226.16873168945312
3600.0	2536.0	-9.024553298950195	224.67295837402344
3600.0	2538.0	-9.680397033691406	224.062255859375
3600.0	2535.0	-13.909163475036621	227.72116088867188
3600.0	2541.0	-11.515186309814453	229.26686096191406
3624.0	0.0	-11.64730167388916	224.37542724609375
3624.0	2505.0	-10.091590881347656	221.79217529296875
3624.0	2511.0	-12.482697486877441	226.23129272460938
3624.0	2536.0	-9.03593921661377	224.7040252685547
3624.0	2538.0	-9.550108909606934	223.98251342773438
3624.0	2541.0	-11.828048706054688	229.24534606933594
3648.0	0.0	-11.647316932678223	224.37539672851562
3648.0	2505.0	-9.838541984558105	221.6326141357422
3648.0	2511.0	-12.333866119384766	226.0120086669922
3648.0	2536.0	-9.07264232635498	224.6250457763672
3648.0	2538.0	-9.397911071777344	224.07290649414062
3648.0	2541.0	-12.065455436706543	228.02294921875
3672.0	0.0	-11.647316932678223	224.37539672851562
3672.0	2505.0	-9.505755424499512	221.4947967529297
3672.0	2511.0	-12.396791458129883	225.82630920410156
3672.0	2536.0	-9.17998218536377	224.65431213378906
3672.0	2538.0	-9.353901863098145	224.01983642578125
3696.0	0.0	-11.647247314453125	224.37551879882812
3696.0	2505.0	-9.257689476013184	221.4087371826172
3696.0	2511.0	-12.422616004943848	225.6765594482422
3696.0	2536.0	-9.211730003356934	224.7443389892578
3696.0	2538.0	-9.232162475585938	224.0096435546875
3696.0	2541.0	-12.518033027648926	229.030029296875
3720.0	0.0	-11.64719295501709	224.37559509277344
3720.0	2505.0	-8.981358528137207	221.3408203125
3720.0	2511.0	-12.366703987121582	225.3655548095703
3720.0	2536.0	-9.37974739074707	224.8408660888672
3720.0	2538.0	-9.238581657409668	223.95167541503906
3720.0	2541.0	-12.017807006835938	230.7476806640625
3720.0	2545.0	-13.17931079864502	228.9638214111328
3744.0	0.0	-11.647176742553711	224.37562561035156
3744.0	2511.0	-12.282702445983887	225.02952575683594
3744.0	2536.0	-9.583881378173828	224.82501220703125
3744.0	2538.0	-9.21390438079834	223.86349487304688
3744.0	2542.0	-10.444621086120605	221.13401794433594
3744.0	2541.0	-11.475485801696777	231.13751220703125
3744.0	2545.0	-13.572578430175781	229.00869750976562
3768.0	0.0	-11.64719295501709	224.37559509277344
3768.0	2511.0	-12.34891128540039	224.77394104003906
3768.0	2536.0	-9.858823776245117	224.81251525878906
3768.0	2538.0	-9.210932731628418	223.81214904785156
3768.0	2541.0	-11.005064964294434	231.46728515625
3768.0	2545.0	-13.867677688598633	229.07901000976562
3768.0	2542.0	-9.91624927520752	221.1015625
3792.0	0.0	-11.647208213806152	224.37557983398438
3792.0	2511.0	-12.303030014038086	224.5401153564453
3792.0	2536.0	-9.856001853942871	224.82601928710938
3792.0	2538.0	-9.19138240814209	223.84469604492188
3792.0	2541.0	-10.442709922790527	232.05023193359375
3792.0	2545.0	-14.159048080444336	229.21229553222656
3792.0	2542.0	-9.519323348999023	221.04843139648438
3816.0	0.0	-11.647176742553711	224.37562561035156
3816.0	2536.0	-9.776664733886719	224.86654663085938
3816.0	2538.0	-9.184223175048828	223.86892700195312
3816.0	2541.0	-10.748598098754883	228.58201599121094
3816.0	2542.0	-9.221478462219238	221.00418090820312
3840.0	0.0	-11.64716911315918	224.37564086914062
3840.0	2536.0	-9.736137390136719	224.87574768066406
3840.0	2538.0	-9.169706344604492	223.89036560058594
3840.0	2541.0	-10.353473663330078	229.208740234375
3840.0	2542.0	-8.999286651611328	220.9859161376953
3840.0	2545.0	-14.179991722106934	229.19248962402344
3864.0	0.0	-11.647200584411621	224.37557983398438
3864.0	2536.0	-9.716569900512695	224.87098693847656
3864.0	2538.0	-9.165170669555664	223.89283752441406
3864.0	2541.0	-10.148776054382324	229.11355590820312
3888.0	0.0	-11.647045135498047	224.37583923339844
3888.0	2536.0	-9.693316459655762	224.9146728515625
3888.0	2538.0	-9.16507339477539	223.89300537109375
3888.0	2541.0	-9.889702796936035	228.9232635498047
3912.0	0.0	-11.646989822387695	224.37591552734375
3912.0	2536.0	-9.62311840057373	225.0432891845703
3912.0	2538.0	-9.174004554748535	223.88864135742188
3912.0	2541.0	-9.562328338623047	229.29347229003906
3912.0	2549.0	-8.600706100463867	220.9991912841797
3936.0	0.0	-11.645364761352539	224.37867736816406
3936.0	2536.0	-9.626784324645996	225.32510375976562
3936.0	2538.0	-9.161493301391602	223.9476776123047
3936.0	2541.0	-9.348158836364746	229.37083435058594
3936.0	2549.0	-8.30203628540039	220.92874145507812
3936.0	2550.0	-8.73859691619873	233.0784912109375
3960.0	0.0	-11.641081809997559	224.3879852294922
3960.0	2536.0	-9.647019386291504	225.6525421142578
3960.0	2538.0	-9.097350120544434	224.1248016357422
3960.0	2541.0	-9.473963737487793	229.59519958496094
3960.0	2550.0	-9.066823959350586	233.15647888183594
3960.0	2549.0	-8.035685539245605	221.1700897216797
3984.0	0.0	-11.638824462890625	224.39678955078125
3984.0	2536.0	-9.591751098632812	225.96961975097656
3984.0	2538.0	-8.900714874267578	224.2923126220703
3984.0	2549.0	-7.920719146728516	221.35108947753906
4008.0	0.0	-11.638681411743164	224.39967346191406
4008.0	2536.0	-9.463090896606445	226.14996337890625
4008.0	2538.0	-7.118637561798096	224.29302978515625
4032.0	0.0	-11.638723373413086	224.39990234375
4032.0	2536.0	-9.249800682067871	225.95106506347656
4032.0	2538.0	-9.08250617980957	223.99346923828125
4056.0	0.0	-11.63888931274414	224.395751953125
4056.0	2538.0	-9.220020294189453	223.69081115722656
4056.0	2536.0	-8.974279403686523	225.66903686523438
4080.0	0.0	-11.636432647705078	224.4010772705078
4080.0	2538.0	-9.234106063842773	223.55743408203125
4080.0	2536.0	-8.879682540893555	225.48179626464844
4104.0	0.0	-11.60094928741455	224.46710205078125
4104.0	2538.0	-9.19723129272461	223.7233123779297
4104.0	2547.0	-9.899980545043945	221.17138671875
4104.0	2536.0	-9.065839767456055	225.66041564941406
4128.0	0.0	-11.565082550048828	224.5137481689453
4128.0	2538.0	-9.236640930175781	223.59481811523438
4128.0	2547.0	-9.9924955368042	221.1793975830078
4128.0	2536.0	-9.132205963134766	225.5026092529297
4152.0	0.0	-11.516523361206055	224.55496215820312
4152.0	2538.0	-9.210188865661621	223.72276306152344
4152.0	2547.0	-9.836535453796387	221.29901123046875
4152.0	2536.0	-9.423088073730469	225.6109619140625
4176.0	0.0	-11.452923774719238	224.59500122070312
4176.0	2538.0	-9.212301254272461	223.77700805664062
4176.0	2547.0	-9.81783676147461	221.27781677246094
4176.0	2536.0	-9.478166580200195	225.58657836914062
4200.0	0.0	-11.423027992248535	224.61154174804688
4200.0	2538.0	-9.162982940673828	223.92507934570312
4224.0	0.0	-11.41882038116455	224.61383056640625
4224.0	2538.0	-9.165031433105469	223.9386444091797
4224.0	2536.0	-9.492393493652344	225.78379821777344
4248.0	0.0	-11.421051979064941	224.61257934570312
4248.0	2538.0	-9.161425590515137	223.95712280273438
4248.0	2536.0	-9.491067886352539	225.7340850830078
4248.0	2553.0	-9.216014862060547	221.14964294433594
4272.0	0.0	-11.416414260864258	224.6153564453125
4272.0	2538.0	-9.192099571228027	223.93988037109375
4272.0	2536.0	-9.45512580871582	225.8593292236328
4296.0	0.0	-11.414910316467285	224.6162872314453
4296.0	2538.0	-9.192329406738281	223.9349365234375
4296.0	2536.0	-9.463696479797363	225.84336853027344
4320.0	0.0	-11.414464950561523	224.61656188964844
4320.0	2538.0	-9.221428871154785	223.9827880859375
4320.0	2536.0	-9.477363586425781	225.68923950195312
4344.0	0.0	-11.414464950561523	224.61656188964844
4344.0	2538.0	-9.240843772888184	224.05210876464844
4344.0	2536.0	-9.483891487121582	225.80271911621094
4368.0	0.0	-11.414427757263184	224.61659240722656
4368.0	2538.0	-9.355539321899414	224.22866821289062
4368.0	2536.0	-9.479509353637695	225.80990600585938
4392.0	0.0	-11.414427757263184	224.61659240722656
4392.0	2538.0	-9.468652725219727	224.3263702392578
4392.0	2536.0	-9.490225791931152	225.7940673828125
4416.0	0.0	-11.414464950561523	224.61656188964844
4416.0	2538.0	-9.497306823730469	224.3641357421875
4416.0	2536.0	-9.480775833129883	225.79598999023438
