168.0	0.0	-17.88264274597168	-5.717935085296631
168.0	0.0	-17.882587432861328	-5.717916488647461
168.0	3197.0	-17.794261932373047	-4.302891731262207
168.0	3189.0	-15.819461822509766	-6.812768936157227
192.0	0.0	-17.882476806640625	-5.717879295349121
192.0	3197.0	-17.651731491088867	-4.7791571617126465
192.0	3199.0	-14.841495513916016	-6.611301422119141
216.0	0.0	-17.882587432861328	-5.717916488647461
216.0	3197.0	-15.545294761657715	-0.9756667017936707
240.0	0.0	-17.882600784301758	-5.717921257019043
240.0	3197.0	-17.277524948120117	-5.331645488739014
240.0	3200.0	-14.896251678466797	-7.712693214416504
264.0	0.0	-17.882461547851562	-5.717875003814697
264.0	3197.0	-12.294702529907227	-5.176414489746094
264.0	3200.0	-14.978431701660156	-7.837255001068115
288.0	0.0	-17.88236427307129	-5.717842102050781
288.0	3197.0	-14.822793006896973	-7.801025390625
312.0	0.0	-17.88235092163086	-5.717837810516357
312.0	3197.0	-17.565166473388672	-6.341395378112793
336.0	0.0	-17.88239288330078	-5.717851638793945
336.0	3197.0	-17.802886962890625	-6.617094039916992
336.0	3201.0	-15.200846672058105	-8.115442276000977
360.0	0.0	-17.88239288330078	-5.717851638793945
360.0	3197.0	-18.04551887512207	-6.830406665802002
360.0	3203.0	-15.088318824768066	-7.967961311340332
360.0	3201.0	-15.255544662475586	-8.178095817565918
384.0	0.0	-17.88233757019043	-5.717833042144775
384.0	3197.0	-18.146089553833008	-7.100683212280273
384.0	3203.0	-15.230912208557129	-8.148713111877441
408.0	0.0	-17.88226890563965	-5.717809677124023
408.0	3197.0	-18.171527862548828	-7.169059753417969
408.0	3203.0	-15.316184043884277	-8.230298042297363
432.0	0.0	-17.882421493530273	-5.717860698699951
432.0	3197.0	-18.16845703125	-7.155457973480225
432.0	3203.0	-15.35578727722168	-8.261884689331055
456.0	0.0	-17.88239288330078	-5.717851638793945
456.0	3197.0	-18.16971206665039	-7.179656028747559
456.0	3203.0	-15.468527793884277	-8.366499900817871
480.0	0.0	-17.88237953186035	-5.717846870422363
480.0	3197.0	-18.175941467285156	-7.197233200073242
480.0	3204.0	-16.0502986907959	-8.700782775878906
480.0	3205.0	-15.460224151611328	-8.356302261352539
504.0	0.0	-17.88233757019043	-5.717833042144775
504.0	3197.0	-18.167898178100586	-7.174450397491455
504.0	3204.0	-16.055753707885742	-8.517962455749512
504.0	3205.0	-15.512748718261719	-8.408724784851074
528.0	0.0	-17.88236427307129	-5.717842102050781
528.0	3197.0	-18.170459747314453	-7.149550914764404
528.0	3204.0	-16.033937454223633	-8.337254524230957
528.0	3205.0	-15.672774314880371	-8.237815856933594
552.0	0.0	-17.88235092163086	-5.717837810516357
552.0	3197.0	-18.142839431762695	-7.025936126708984
552.0	3204.0	-16.000608444213867	-8.10693073272705
576.0	0.0	-17.88237953186035	-5.717846870422363
576.0	3197.0	-18.034326553344727	-6.8561811447143555
576.0	3204.0	-16.195228576660156	-7.983441352844238
600.0	0.0	-17.882295608520508	-5.7178192138671875
600.0	3197.0	-17.95322608947754	-6.713937759399414
600.0	3204.0	-16.362470626831055	-7.870519638061523
624.0	0.0	-17.882253646850586	-5.717804908752441
624.0	3197.0	-17.924057006835938	-6.502892971038818
624.0	3204.0	-16.500263214111328	-7.721007823944092
648.0	0.0	-17.88226890563965	-5.717809677124023
648.0	3197.0	-inf	-inf
648.0	3204.0	-16.682098388671875	-7.439498424530029
672.0	0.0	-17.88233757019043	-5.717833042144775
672.0	3197.0	-17.67473793029785	-6.441254138946533
672.0	3204.0	-17.489110946655273	-6.277506351470947
696.0	0.0	-17.882421493530273	-5.717860698699951
696.0	3197.0	-17.487150192260742	-6.268813133239746
720.0	0.0	-17.88233757019043	-5.717833042144775
720.0	3197.0	inf	-inf
720.0	3208.0	-17.05913543701172	-6.977055072784424
744.0	0.0	-17.88233757019043	-5.717833042144775
744.0	3197.0	-17.261367797851562	-5.994982719421387
744.0	3208.0	-16.99635124206543	-6.852032661437988
744.0	3209.0	-16.983535766601562	-8.395113945007324
744.0	3210.0	-17.586652755737305	-8.423327445983887
768.0	0.0	-17.882282257080078	-5.7178144454956055
768.0	3197.0	inf	-inf
768.0	3208.0	-16.972270965576172	-6.802740573883057
768.0	3209.0	-16.994409561157227	-8.400843620300293
768.0	3210.0	-17.809703826904297	-8.388631820678711
792.0	0.0	-17.88236427307129	-5.717842102050781
792.0	3197.0	-17.189964294433594	-5.536075115203857
792.0	3208.0	-17.00362205505371	-6.767278671264648
792.0	3210.0	-18.030778884887695	-8.3880615234375
792.0	3209.0	-16.94355010986328	-8.415215492248535
816.0	0.0	-17.882461547851562	-5.717874526977539
816.0	3197.0	-17.336984634399414	-5.239010334014893
816.0	3208.0	-17.087791442871094	-6.7655510902404785
816.0	3211.0	-17.581069946289062	-8.418739318847656
840.0	0.0	-17.88237953186035	-5.717846870422363
840.0	3197.0	-17.535566329956055	-5.098474979400635
840.0	3208.0	-17.13296127319336	-6.802268028259277
840.0	3211.0	-17.84175682067871	-8.393330574035645
840.0	3212.0	-14.862100601196289	-6.7049150466918945
864.0	0.0	-17.882421493530273	-5.717860698699951
864.0	3197.0	-17.68685531616211	-4.888742446899414
864.0	3208.0	-17.179996490478516	-6.777298927307129
864.0	3211.0	-18.02802276611328	-8.392224311828613
864.0	3212.0	-14.823260307312012	-6.675380706787109
888.0	0.0	-17.88237953186035	-5.717846870422363
888.0	3197.0	-18.302461624145508	-0.8541650176048279
888.0	3208.0	-17.096542358398438	-6.926644802093506
912.0	0.0	-17.882476806640625	-5.717879295349121
912.0	3197.0	-18.164194107055664	-3.9745078086853027
912.0	3208.0	-16.92793083190918	-7.092748165130615
936.0	0.0	-17.882461547851562	-5.717874526977539
936.0	3197.0	-18.416399002075195	-3.982656478881836
936.0	3208.0	-16.665447235107422	-7.276773929595947
960.0	0.0	-17.882434844970703	-5.717865467071533
960.0	3197.0	-18.54296875	-3.8282947540283203
960.0	3208.0	-16.425823211669922	-7.427036285400391
984.0	0.0	-17.88239288330078	-5.717851638793945
984.0	3197.0	-18.482391357421875	-3.5517563819885254
984.0	3208.0	-15.984848976135254	-7.640845775604248
984.0	3213.0	-17.325237274169922	-8.375709533691406
1008.0	0.0	-17.88235092163086	-5.717837810516357
1008.0	3197.0	-18.45513343811035	-3.4074506759643555
1008.0	3208.0	-15.622631072998047	-7.877135276794434
1008.0	3213.0	-17.342060089111328	-8.389338493347168
1008.0	3214.0	-14.825695037841797	-6.663211822509766
1032.0	0.0	-17.882308959960938	-5.717823505401611
1032.0	3197.0	-18.46567153930664	-3.567903995513916
1032.0	3208.0	-15.230782508850098	-8.062410354614258
1032.0	3213.0	-17.340620040893555	-8.382946014404297
1032.0	3214.0	-14.813777923583984	-6.651680946350098
1056.0	0.0	-17.882295608520508	-5.7178192138671875
1056.0	3208.0	-15.102057456970215	-7.991097927093506
1056.0	3213.0	-17.33710479736328	-8.38629150390625
1056.0	3214.0	-14.78085994720459	-6.653498649597168
1056.0	3197.0	-18.636390686035156	-3.9520339965820312
1080.0	0.0	-17.88235092163086	-5.717837810516357
1080.0	3208.0	-15.063417434692383	-7.946069240570068
1080.0	3213.0	-17.330251693725586	-8.386923789978027
1080.0	3214.0	-14.796233177185059	-6.66265869140625
1104.0	0.0	-17.88235092163086	-5.717837810516357
1104.0	3208.0	-15.015533447265625	-7.871300220489502
1104.0	3213.0	-17.338045120239258	-8.392586708068848
1104.0	3214.0	-14.792004585266113	-6.6625895500183105
1104.0	3197.0	-18.568815231323242	-3.904057741165161
1128.0	0.0	-17.88235092163086	-5.717837810516357
1128.0	3208.0	-14.961262702941895	-7.807040214538574
1128.0	3213.0	-17.347034454345703	-8.396435737609863
1128.0	3214.0	-14.8173828125	-6.663405895233154
1128.0	3197.0	-18.431333541870117	-4.027175426483154
1152.0	0.0	-17.882308959960938	-5.717823505401611
1152.0	3213.0	-17.36052894592285	-8.392999649047852
1152.0	3214.0	-14.840813636779785	-6.658114433288574
1176.0	0.0	-17.88237953186035	-5.717846870422363
1176.0	3213.0	-17.357885360717773	-8.392495155334473
1176.0	3214.0	-14.815337181091309	-6.6702423095703125
1176.0	3216.0	-18.752864837646484	-2.285092353820801
1200.0	0.0	-17.88232421875	-5.717828273773193
1200.0	3213.0	-17.35702896118164	-8.390286445617676
1200.0	3214.0	-14.812076568603516	-6.673427104949951
1200.0	3216.0	-18.55267333984375	-0.8903467059135437
1224.0	0.0	-17.882434844970703	-5.717865467071533
1224.0	3213.0	-17.34564781188965	-8.388038635253906
1224.0	3214.0	-14.81656551361084	-6.674070358276367
1224.0	3216.0	-17.916358947753906	-4.416082382202148
1248.0	0.0	-17.88233757019043	-5.717833042144775
1248.0	3213.0	-17.357393264770508	-8.392394065856934
1248.0	3214.0	-14.822127342224121	-6.665212154388428
1248.0	3216.0	-17.848026275634766	-4.638547897338867
1272.0	0.0	-17.88239288330078	-5.717851638793945
1272.0	3213.0	-17.367176055908203	-8.400388717651367
1272.0	3214.0	-14.816937446594238	-6.675339698791504
1272.0	3216.0	-17.797719955444336	-4.735644340515137
1296.0	0.0	-17.88237953186035	-5.717846870422363
1296.0	3213.0	-17.368148803710938	-8.392457962036133
1296.0	3214.0	-14.828367233276367	-6.749362468719482
1296.0	3216.0	-17.584529876708984	-4.778067111968994
1296.0	3217.0	-15.784104347229004	-6.779667854309082
1320.0	0.0	-17.88233757019043	-5.717833042144775
1320.0	3213.0	-17.347137451171875	-8.390358924865723
1320.0	3214.0	-14.786528587341309	-6.671967029571533
1320.0	3216.0	-17.398853302001953	-4.588674068450928
1320.0	3217.0	-15.795329093933105	-6.77534294128418
1344.0	0.0	-17.88233757019043	-5.717833042144775
1344.0	3213.0	-17.33562660217285	-8.383960723876953
1344.0	3214.0	-14.744894981384277	-6.672598838806152
1344.0	3216.0	-17.159873962402344	-4.646944522857666
1344.0	3217.0	-15.7927885055542	-6.831161975860596
1368.0	0.0	-17.88232421875	-5.717828273773193
1368.0	3213.0	-17.341829299926758	-8.381155967712402
1368.0	3216.0	-16.955860137939453	-4.523195266723633
1368.0	3214.0	-14.732927322387695	-6.617990016937256
1392.0	0.0	-17.882295608520508	-5.7178192138671875
1392.0	3213.0	-17.263961791992188	-8.384618759155273
1392.0	3216.0	-16.73935890197754	-4.390349864959717
1416.0	0.0	-17.882421493530273	-5.717860698699951
1416.0	3216.0	-16.69486427307129	-4.294475555419922
1440.0	0.0	-17.882421493530273	-5.717860698699951
1440.0	3216.0	-14.772890090942383	-1.032118320465088
1440.0	3218.0	-15.675274848937988	-6.807909965515137
1464.0	0.0	-17.882421493530273	-5.717860698699951
1464.0	3216.0	-15.113496780395508	-0.989036500453949
1464.0	3218.0	-15.693428039550781	-6.817376136779785
1488.0	0.0	-17.882434844970703	-5.717865467071533
1488.0	3216.0	-15.29764461517334	-0.9912952184677124
1488.0	3218.0	-15.70337963104248	-6.8059868812561035
1488.0	3219.0	-14.76445484161377	-6.6815338134765625
1512.0	0.0	-17.88233757019043	-5.717833042144775
1512.0	3216.0	-17.218730926513672	-4.295248985290527
1512.0	3219.0	-14.779911041259766	-6.677606105804443
1512.0	3218.0	-15.700881004333496	-6.792087554931641
1536.0	0.0	-17.88236427307129	-5.717842102050781
1536.0	3216.0	-17.357580184936523	-4.413384914398193
1536.0	3219.0	-14.786885261535645	-6.673002243041992
1536.0	3218.0	-15.702980995178223	-6.79177713394165
1560.0	0.0	-17.88237953186035	-5.717846870422363
1560.0	3216.0	-17.729150772094727	-4.579690933227539
1560.0	3219.0	-14.795796394348145	-6.674742698669434
1584.0	0.0	-17.882308959960938	-5.717823505401611
1584.0	3216.0	-18.258817672729492	-0.8622008562088013
1584.0	3219.0	-14.786113739013672	-6.670698642730713
1608.0	0.0	-17.88226890563965	-5.717809677124023
1608.0	3216.0	-18.96269989013672	-0.8958609104156494
1608.0	3219.0	-14.77474594116211	-6.688136577606201
1632.0	0.0	-17.88232421875	-5.717828273773193
1632.0	3216.0	-18.424970626831055	-4.115478038787842
1632.0	3219.0	-14.821939468383789	-6.651104927062988
1656.0	0.0	-17.88232421875	-5.717828273773193
1656.0	3216.0	-18.58316993713379	-3.7088937759399414
1656.0	3219.0	-14.837703704833984	-6.647955417633057
1680.0	0.0	-17.88236427307129	-5.717842102050781
1680.0	3216.0	-18.39446258544922	-3.587534189224243
1704.0	0.0	-17.882308959960938	-5.717823505401611
1704.0	3216.0	-18.37232208251953	-3.4198482036590576
1704.0	3219.0	-14.842683792114258	-6.636749267578125
1728.0	0.0	-17.882308959960938	-5.717823505401611
1728.0	3216.0	-18.638118743896484	-0.8773477673530579
1728.0	3219.0	-14.857121467590332	-6.6292219161987305
1752.0	0.0	-17.88232421875	-5.717828273773193
1752.0	3216.0	-18.064102172851562	-3.3672056198120117
1752.0	3219.0	-14.841598510742188	-6.619222640991211
1776.0	0.0	-17.88232421875	-5.717828273773193
1776.0	3216.0	-18.143619537353516	-0.8822673559188843
1776.0	3219.0	-14.849037170410156	-6.6439056396484375
1776.0	3220.0	-15.770649909973145	-6.814852714538574
1800.0	0.0	-17.88235092163086	-5.717837810516357
1800.0	3219.0	-14.852499961853027	-6.668575763702393
1800.0	3216.0	-17.891664505004883	-0.8732783198356628
1800.0	3220.0	-15.785297393798828	-6.79087495803833
1824.0	0.0	-17.882434844970703	-5.717865467071533
1824.0	3219.0	-14.851717948913574	-6.638857841491699
1824.0	3216.0	-17.632078170776367	-0.879749059677124
1824.0	3220.0	-15.814169883728027	-6.807384490966797
1848.0	0.0	-17.88240623474121	-5.717855930328369
1848.0	3219.0	-14.847668647766113	-6.63924503326416
1848.0	3216.0	-17.5845890045166	-3.615159273147583
1872.0	0.0	-17.88240623474121	-5.717855930328369
1872.0	3216.0	-17.56458854675293	-3.6443915367126465
1896.0	0.0	-17.88239288330078	-5.717851638793945
1896.0	3216.0	-17.571369171142578	-3.649409770965576
1920.0	0.0	-17.882434844970703	-5.717865467071533
1920.0	3216.0	-17.57298469543457	-3.6451504230499268
1944.0	0.0	-17.88237953186035	-5.717846870422363
1944.0	3216.0	-17.57988929748535	-3.6420905590057373
1968.0	0.0	-17.88232421875	-5.717828273773193
1968.0	3216.0	-17.578128814697266	-3.6180715560913086
1992.0	0.0	-17.88236427307129	-5.717842102050781
1992.0	3216.0	-17.584606170654297	-3.63936185836792
2016.0	0.0	-17.88235092163086	-5.717837810516357
2016.0	3216.0	-17.488985061645508	-3.6248059272766113
2016.0	3221.0	-14.63422966003418	-4.423146724700928
2016.0	3222.0	-14.98717975616455	-7.8493332862854
2040.0	0.0	-17.882434844970703	-5.717865467071533
2040.0	3221.0	-14.772512435913086	-4.529333114624023
2040.0	3222.0	-14.982759475708008	-7.836702823638916
2040.0	3216.0	-17.531858444213867	-3.637511968612671
2064.0	0.0	-17.882421493530273	-5.717860698699951
2064.0	3221.0	-14.880684852600098	-4.762937545776367
2064.0	3222.0	-14.961601257324219	-7.804117202758789
2064.0	3216.0	-17.483478546142578	-3.891202688217163
2088.0	0.0	-17.88235092163086	-5.717837810516357
2088.0	3221.0	-14.85750675201416	-4.818686008453369
2088.0	3216.0	-17.376842498779297	-3.996824026107788
2112.0	0.0	-17.88236427307129	-5.717842102050781
2112.0	3221.0	-14.822322845458984	-4.803238868713379
2112.0	3216.0	-16.124101638793945	-0.9472818970680237
2112.0	3223.0	-15.740248680114746	-6.7587714195251465
2112.0	3224.0	-14.867238998413086	-6.628058433532715
2136.0	0.0	-17.882461547851562	-5.717874526977539
2136.0	3221.0	-14.711734771728516	-4.729132175445557
2136.0	3216.0	-16.390832901000977	-1.9855133295059204
2136.0	3223.0	-15.741177558898926	-6.755938529968262
2136.0	3224.0	-14.854013442993164	-6.625452041625977
2160.0	0.0	-17.882421493530273	-5.717860698699951
2160.0	3221.0	-14.70947551727295	-4.5614776611328125
2160.0	3216.0	-17.184341430664062	-4.242971897125244
2160.0	3223.0	-15.735788345336914	-6.758646011352539
2160.0	3224.0	-14.87010383605957	-6.623538494110107
2184.0	0.0	-17.88233757019043	-5.717833042144775
2184.0	3221.0	-14.626874923706055	-4.326097011566162
2184.0	3216.0	-17.218278884887695	-4.433579921722412
2184.0	3223.0	-15.758395195007324	-6.812925815582275
2184.0	3224.0	-14.853742599487305	-6.610886096954346
2208.0	0.0	-17.88240623474121	-5.717855930328369
2208.0	3221.0	-14.495412826538086	-4.284120082855225
2208.0	3216.0	-17.302953720092773	-4.58797025680542
2232.0	0.0	-17.88235092163086	-5.717837810516357
2232.0	3221.0	-14.412452697753906	-4.22961950302124
2232.0	3216.0	-17.339553833007812	-4.685433864593506
2232.0	3223.0	-15.758037567138672	-6.812211036682129
2256.0	0.0	-17.882448196411133	-5.717870235443115
2256.0	3221.0	-16.922704696655273	-5.285706043243408
2256.0	3216.0	-14.027482986450195	-1.5863722562789917
2256.0	3223.0	-15.766937255859375	-6.803122520446777
2256.0	3225.0	-14.761724472045898	-6.651899814605713
2256.0	3226.0	-15.912286758422852	-0.9527274966239929
2280.0	0.0	-17.882434844970703	-5.717865467071533
2280.0	3216.0	-17.14791488647461	-5.458693981170654
2280.0	3223.0	-15.756003379821777	-6.785979270935059
2280.0	3225.0	-14.704401016235352	-6.723905086517334
2304.0	0.0	-17.88240623474121	-5.717855930328369
2304.0	3216.0	-17.188844680786133	-5.767455577850342
2304.0	3223.0	-15.745105743408203	-6.768636703491211
2304.0	3225.0	-17.231374740600586	-5.9376702308654785
2304.0	3227.0	-14.948495864868164	-3.85150146484375
2328.0	0.0	-17.882434844970703	-5.717865467071533
2328.0	3216.0	-12.46965217590332	-7.340153217315674
2328.0	3228.0	-15.757349014282227	-0.9684820771217346
2352.0	0.0	-17.882421493530273	-5.717860698699951
2352.0	3216.0	-17.263080596923828	-6.369190692901611
2352.0	3228.0	-15.770963668823242	-0.9672813415527344
2352.0	3227.0	-13.134716987609863	-2.7074828147888184
2352.0	3229.0	-14.819195747375488	-6.837639808654785
2376.0	0.0	-17.882295608520508	-5.7178192138671875
2376.0	3216.0	-17.328960418701172	-6.563485145568848
2376.0	3228.0	-15.813249588012695	-0.9565131664276123
2376.0	3229.0	-14.80822467803955	-6.795474529266357
2376.0	3230.0	-15.766200065612793	-6.7708539962768555
2376.0	3227.0	-14.635406494140625	-3.96901798248291
2400.0	0.0	-17.88239288330078	-5.717851638793945
2400.0	3216.0	-17.22344207763672	-6.813154697418213
2400.0	3229.0	-14.758352279663086	-6.822183132171631
2400.0	3230.0	-15.767619132995605	-6.760038375854492
2400.0	3227.0	-14.64419937133789	-4.052281379699707
2400.0	3228.0	-16.240386962890625	-1.98023521900177
2424.0	0.0	-17.88237953186035	-5.717846870422363
2424.0	3216.0	-17.197053909301758	-6.736588478088379
2424.0	3229.0	-14.722055435180664	-6.892206192016602
2424.0	3227.0	-14.555062294006348	-4.142491340637207
2424.0	3228.0	-16.23137092590332	-1.9798520803451538
2448.0	0.0	-17.88240623474121	-5.717855930328369
2448.0	3216.0	-17.277305603027344	-6.519789695739746
2448.0	3229.0	-14.696737289428711	-6.904377460479736
2448.0	3227.0	-14.611845016479492	-4.116812705993652
2448.0	3228.0	-16.216508865356445	-2.0017521381378174
2472.0	0.0	-17.88236427307129	-5.717842102050781
2472.0	3216.0	-17.404033660888672	-6.204037666320801
2472.0	3229.0	-17.15385627746582	-5.990493297576904
2472.0	3227.0	-14.365036964416504	-4.02328634262085
2472.0	3228.0	-16.220815658569336	-1.9670822620391846
2496.0	0.0	-17.88233757019043	-5.717833042144775
2496.0	3216.0	-15.780561447143555	-6.718019485473633
2496.0	3227.0	-14.404736518859863	-4.229923248291016
2496.0	3228.0	-16.1899356842041	-1.870257019996643
2496.0	3232.0	-13.403882026672363	-3.1363792419433594
2520.0	0.0	-17.88236427307129	-5.717842102050781
2520.0	3216.0	-17.226755142211914	-5.511939525604248
2520.0	3228.0	-15.809431076049805	-0.9674054980278015
2520.0	3233.0	-14.258941650390625	-7.618564605712891
2520.0	3234.0	-14.749664306640625	-6.880586624145508
2544.0	0.0	-17.88236427307129	-5.717842102050781
2544.0	3216.0	-17.1810302734375	-5.065431118011475
2544.0	3228.0	-17.499616622924805	-4.894596099853516
2544.0	3233.0	-14.153359413146973	-7.62044620513916
2544.0	3234.0	-14.753193855285645	-6.878538131713867
2544.0	3235.0	-14.364373207092285	-4.0112433433532715
2568.0	0.0	-17.882448196411133	-5.717870235443115
2568.0	3216.0	-17.381986618041992	-4.604886531829834
2568.0	3233.0	-14.85368824005127	-7.25718879699707
2568.0	3234.0	-14.74481201171875	-6.8787078857421875
2568.0	3235.0	-14.402957916259766	-3.993337631225586
2568.0	3236.0	-17.668434143066406	-8.389074325561523
2592.0	0.0	-17.882448196411133	-5.717870235443115
2592.0	3216.0	-17.345195770263672	-4.191904067993164
2592.0	3233.0	-14.19601058959961	-7.622994422912598
2592.0	3234.0	-14.754728317260742	-6.870925426483154
2592.0	3235.0	-14.60306167602539	-4.044963359832764
2616.0	0.0	-17.882434844970703	-5.717865467071533
2616.0	3216.0	-17.3118896484375	-3.7658469676971436
2616.0	3233.0	-15.831579208374023	-6.753813743591309
2616.0	3234.0	-14.741260528564453	-6.845641613006592
2616.0	3235.0	-14.571671485900879	-4.027254581451416
2640.0	0.0	-17.88235092163086	-5.717837810516357
2640.0	3216.0	-17.339080810546875	-3.3609516620635986
2640.0	3233.0	-15.773690223693848	-6.7812957763671875
2640.0	3234.0	-14.751969337463379	-6.851992607116699
2640.0	3235.0	-14.371894836425781	-4.207856178283691
2640.0	3237.0	-15.89084529876709	-9.02840805053711
2640.0	3238.0	-16.910919189453125	-3.4908509254455566
2664.0	0.0	-17.88235092163086	-5.717837810516357
2664.0	3216.0	-17.299991607666016	-2.9815335273742676
2664.0	3233.0	-15.736228942871094	-6.804728031158447
2664.0	3234.0	-14.750802993774414	-6.848801136016846
2664.0	3235.0	-14.345240592956543	-4.410429954528809
2664.0	3237.0	-15.6306734085083	-8.515612602233887
2664.0	3238.0	-16.759618759155273	-3.12270188331604
2688.0	0.0	-17.88240623474121	-5.717855930328369
2688.0	3216.0	-17.35728645324707	-2.6671857833862305
2688.0	3233.0	-15.72924518585205	-6.804096698760986
2688.0	3234.0	-14.71924114227295	-6.873031139373779
2688.0	3237.0	-15.343568801879883	-8.249709129333496
2688.0	3238.0	-16.270734786987305	-1.9496968984603882
2712.0	0.0	-17.88235092163086	-5.717837810516357
2712.0	3216.0	-17.46481704711914	-2.3420917987823486
2712.0	3233.0	-15.74068546295166	-6.835177898406982
2712.0	3237.0	-15.073312759399414	-7.939869403839111
2712.0	3238.0	-16.26081085205078	-1.9452701807022095
2712.0	3235.0	-14.284621238708496	-4.634066581726074
2736.0	0.0	-17.88232421875	-5.717828273773193
2736.0	3216.0	-17.496257781982422	-2.3041067123413086
2736.0	3233.0	-15.743115425109863	-6.835620403289795
2736.0	3238.0	-16.264020919799805	-1.9308345317840576
2760.0	0.0	-17.882421493530273	-5.717860698699951
2760.0	3216.0	-17.64228630065918	-2.2767605781555176
2760.0	3233.0	-15.73552131652832	-6.825133323669434
2760.0	3238.0	-16.250925064086914	-1.885313868522644
2784.0	0.0	-17.882448196411133	-5.717870235443115
2784.0	3216.0	-17.77404022216797	-2.3001201152801514
2784.0	3233.0	-15.729275703430176	-6.812871932983398
2784.0	3238.0	-16.28969383239746	-1.999253511428833
2784.0	3239.0	-14.1600341796875	-5.301181793212891
2808.0	0.0	-17.882503509521484	-5.717888355255127
2808.0	3216.0	-17.73135757446289	-2.3838160037994385
2808.0	3233.0	-15.730819702148438	-6.8158793449401855
2808.0	3238.0	-16.332061767578125	-2.0449397563934326
2808.0	3239.0	-14.172746658325195	-5.351816654205322
2832.0	0.0	-17.882421493530273	-5.717860698699951
2832.0	3216.0	-17.64048194885254	-2.545557737350464
2832.0	3233.0	-15.727517127990723	-6.805065155029297
2832.0	3238.0	-16.358686447143555	-2.1923201084136963
2832.0	3239.0	-14.180922508239746	-5.349404811859131
2832.0	3241.0	-17.326217651367188	-8.388130187988281
2856.0	0.0	-17.882461547851562	-5.717874526977539
2856.0	3216.0	-17.626535415649414	-2.560701370239258
2856.0	3233.0	-15.723340034484863	-6.805641174316406
2856.0	3238.0	-16.41107940673828	-2.14205265045166
2856.0	3239.0	-14.159714698791504	-5.406355381011963
2856.0	3241.0	-17.371631622314453	-8.391104698181152
2880.0	0.0	-17.88239288330078	-5.717851638793945
2880.0	3216.0	-17.6291446685791	-2.5243589878082275
2880.0	3233.0	-15.728976249694824	-6.803585052490234
2880.0	3238.0	-16.436838150024414	-2.2892231941223145
2880.0	3239.0	-14.084288597106934	-5.245248317718506
2880.0	3241.0	-17.372652053833008	-8.389263153076172
2904.0	0.0	-17.882434844970703	-5.717865467071533
2904.0	3216.0	-17.630626678466797	-2.423973321914673
2904.0	3233.0	-15.727920532226562	-6.801420211791992
2904.0	3238.0	-16.411800384521484	-2.2211005687713623
2904.0	3239.0	-14.062366485595703	-4.99874210357666
2904.0	3241.0	-17.367046356201172	-8.384135246276855
2928.0	0.0	-17.882448196411133	-5.717870235443115
2928.0	3216.0	-17.440492630004883	-0.8876384496688843
2928.0	3233.0	-15.738948822021484	-6.831710338592529
2928.0	3238.0	-16.42495346069336	-2.1853249073028564
2928.0	3239.0	-14.09349536895752	-4.857568740844727
2928.0	3241.0	-17.33089828491211	-8.383002281188965
2952.0	0.0	-17.88235092163086	-5.717837810516357
2952.0	3216.0	-17.18649673461914	-0.8959648609161377
2952.0	3233.0	-15.724316596984863	-6.80762243270874
2952.0	3238.0	-16.78203010559082	-3.024402141571045
2976.0	0.0	-17.882421493530273	-5.717860698699951
2976.0	3216.0	-16.539949417114258	-0.9356775879859924
2976.0	3233.0	-15.727130889892578	-6.786435127258301
2976.0	3242.0	-15.024361610412598	-6.638194561004639
3000.0	0.0	-17.88235092163086	-5.717837810516357
3000.0	3216.0	-16.41819953918457	-2.069272756576538
3000.0	3233.0	-15.716104507446289	-6.795747756958008
3000.0	3242.0	-15.05172061920166	-6.674360752105713
3024.0	0.0	-17.88237953186035	-5.717846870422363
3024.0	3216.0	-16.08098030090332	-2.3453750610351562
3024.0	3233.0	-15.724720001220703	-6.790642738342285
3024.0	3242.0	-14.989349365234375	-6.689902305603027
3024.0	3244.0	-14.644763946533203	-4.13126802444458
3048.0	0.0	-17.882490158081055	-5.717884063720703
3048.0	3216.0	-16.03359603881836	-2.4169673919677734
3048.0	3233.0	-15.731054306030273	-6.794219493865967
3048.0	3242.0	-14.710822105407715	-6.73090124130249
3048.0	3244.0	-14.553332328796387	-3.8827459812164307
3072.0	0.0	-17.882558822631836	-5.717906951904297
3072.0	3216.0	-15.12000560760498	-0.9966315031051636
3072.0	3233.0	-15.754690170288086	-6.844348907470703
3072.0	3242.0	-14.530131340026855	-6.626877307891846
3096.0	0.0	-17.882448196411133	-5.717870235443115
3096.0	3216.0	-16.78594398498535	-3.5564663410186768
3096.0	3233.0	-15.74198055267334	-6.828892230987549
3096.0	3242.0	-14.483299255371094	-6.613553047180176
3120.0	0.0	-17.882490158081055	-5.717884063720703
3120.0	3216.0	-16.228853225708008	-1.958094835281372
3120.0	3233.0	-15.741830825805664	-6.837194919586182
3120.0	3242.0	-14.506200790405273	-6.622849464416504
3144.0	0.0	-17.882476806640625	-5.717879295349121
3144.0	3216.0	-15.742182731628418	-0.9624938368797302
3144.0	3233.0	-15.730660438537598	-6.841769218444824
3144.0	3242.0	-14.597929000854492	-6.602139472961426
3168.0	0.0	-17.882503509521484	-5.717888355255127
3168.0	3216.0	-15.462761878967285	-0.9799790978431702
3168.0	3233.0	-15.736144065856934	-6.847833156585693
3168.0	3242.0	-14.819596290588379	-6.573265075683594
3192.0	0.0	-17.882503509521484	-5.717888355255127
3192.0	3216.0	-15.051828384399414	-1.0006990432739258
3192.0	3233.0	-15.719504356384277	-6.824542999267578
3192.0	3242.0	-14.899215698242188	-6.5705108642578125
3192.0	3245.0	-14.035440444946289	-2.6041808128356934
3216.0	0.0	-17.882461547851562	-5.717874526977539
3216.0	3216.0	-14.752924919128418	-1.0385385751724243
3216.0	3233.0	-15.712204933166504	-6.814576625823975
3216.0	3242.0	-14.889656066894531	-6.575204849243164
3240.0	0.0	-17.882545471191406	-5.717902183532715
3240.0	3216.0	-14.741190910339355	-1.0511062145233154
3240.0	3233.0	-15.718025207519531	-6.821557521820068
3240.0	3242.0	-14.871344566345215	-6.582875728607178
3264.0	0.0	-17.882476806640625	-5.717879295349121
3264.0	3216.0	-15.076615333557129	-0.9949781894683838
3264.0	3233.0	-15.717028617858887	-6.806399345397949
3264.0	3242.0	-14.857711791992188	-6.576972961425781
3264.0	3246.0	-14.357786178588867	-4.070273399353027
3288.0	0.0	-17.882532119750977	-5.717897891998291
3288.0	3216.0	-16.840742111206055	-3.56284236907959
3288.0	3233.0	-15.737174034118652	-6.788500785827637
3288.0	3242.0	-14.838325500488281	-6.582397937774658
3312.0	0.0	-17.882558822631836	-5.717906951904297
3312.0	3216.0	-16.90206527709961	-3.394724130630493
3312.0	3233.0	-15.733226776123047	-6.775942802429199
3312.0	3242.0	-14.794973373413086	-6.6030707359313965
3336.0	0.0	-17.882448196411133	-5.717870235443115
3336.0	3216.0	-15.669820785522461	-0.9636522531509399
3336.0	3233.0	-15.757610321044922	-6.793697834014893
3336.0	3242.0	-14.672016143798828	-6.607692241668701
3360.0	0.0	-17.88239288330078	-5.717851638793945
3360.0	3216.0	-15.216803550720215	-0.9867475032806396
3360.0	3233.0	-15.752474784851074	-6.801253795623779
3360.0	3242.0	-14.459193229675293	-6.617518901824951
3384.0	0.0	-17.88237953186035	-5.717846870422363
3384.0	3216.0	-14.621344566345215	-1.1315382719039917
3384.0	3233.0	-15.774910926818848	-6.818637847900391
3384.0	3242.0	-14.294302940368652	-6.576720714569092
3408.0	0.0	-17.88233757019043	-5.717833042144775
3408.0	3216.0	-14.30602741241455	-1.3703504800796509
3408.0	3233.0	-15.791827201843262	-6.820854663848877
3408.0	3242.0	-14.16829776763916	-6.48006010055542
3432.0	0.0	-17.88240623474121	-5.717855930328369
3432.0	3216.0	-14.198923110961914	-1.4480979442596436
3432.0	3233.0	-15.79742431640625	-6.792468070983887
3432.0	3242.0	-13.96526050567627	-6.359621524810791
3456.0	0.0	-17.882295608520508	-5.7178192138671875
3456.0	3216.0	-14.329907417297363	-1.3508317470550537
3456.0	3233.0	-15.819337844848633	-6.760807037353516
3456.0	3242.0	-13.768970489501953	-6.215655326843262
3480.0	0.0	-17.882308959960938	-5.7178239822387695
3480.0	3216.0	-16.339120864868164	-3.610891819000244
3480.0	3233.0	-15.832945823669434	-6.769965648651123
3504.0	0.0	-17.88236427307129	-5.717842102050781
3504.0	3216.0	-16.51310157775879	-3.4634780883789062
3504.0	3233.0	-14.196516990661621	-7.615726947784424
3528.0	0.0	-17.882421493530273	-5.717860698699951
3528.0	3216.0	-16.742589950561523	-3.2949821949005127
3528.0	3233.0	-14.193410873413086	-7.62644624710083
3528.0	3247.0	-12.918863296508789	-5.847777843475342
3528.0	3248.0	-16.971290588378906	-8.439458847045898
3552.0	0.0	-17.882490158081055	-5.717884063720703
3552.0	3216.0	-17.02678871154785	-3.463127613067627
3552.0	3233.0	-15.83639144897461	-6.754466533660889
3552.0	3247.0	-12.491461753845215	-5.765013217926025
3552.0	3248.0	-16.961870193481445	-8.427850723266602
3576.0	0.0	-17.882476806640625	-5.717879295349121
3576.0	3216.0	-17.207075119018555	-3.5761947631835938
3576.0	3233.0	-15.82984447479248	-6.785432815551758
3576.0	3247.0	-12.272721290588379	-5.779921054840088
3600.0	0.0	-17.882421493530273	-5.717860698699951
3600.0	3216.0	-17.197071075439453	-3.7331809997558594
3600.0	3233.0	-15.785419464111328	-6.764402866363525
3600.0	3247.0	-12.274892807006836	-5.802475929260254
3600.0	3248.0	-16.962074279785156	-8.434247016906738
3624.0	0.0	-17.882516860961914	-5.717893123626709
3624.0	3216.0	-17.04443359375	-3.9111084938049316
3624.0	3233.0	-15.76427936553955	-6.766635417938232
3624.0	3247.0	-12.273098945617676	-5.805123805999756
3624.0	3248.0	-16.974918365478516	-8.44067096710205
3648.0	0.0	-17.882461547851562	-5.717874526977539
3648.0	3216.0	-15.176926612854004	-0.9913822412490845
3648.0	3233.0	-15.738214492797852	-6.781683921813965
3648.0	3247.0	-12.314764976501465	-5.845170974731445
3672.0	0.0	-17.882516860961914	-5.717893123626709
3672.0	3216.0	-16.487836837768555	-4.089931964874268
3672.0	3233.0	-15.711483001708984	-6.81753396987915
3696.0	0.0	-17.882587432861328	-5.717916011810303
3696.0	3216.0	-14.013509750366211	-1.591718077659607
3696.0	3233.0	-15.681288719177246	-6.792558193206787
3696.0	3249.0	-12.867352485656738	-5.8435845375061035
3720.0	0.0	-17.882490158081055	-5.717884063720703
3720.0	3216.0	-16.19886589050293	-4.093277454376221
3720.0	3233.0	-15.671231269836426	-6.7719268798828125
3720.0	3249.0	-13.089301109313965	-5.787161350250244
3744.0	0.0	-17.882503509521484	-5.717888355255127
3744.0	3216.0	-16.422880172729492	-4.191885471343994
3744.0	3233.0	-15.846090316772461	-6.790554523468018
3744.0	3249.0	-13.283217430114746	-5.728936195373535
